766809465227936
804918337673933
761771661636317
696783690949013
819004391536064
789047662666943
751707123152785
594548991525019
796547402062505
635931973880669
704624651576185
6751326461609431
673165150204952
699026618202821
714267594169294
640820849971080
759264800857915
728634112532197
720607836622048
706704683427374
464454181650244
420376868721250
801311218239191
5639841289419616
6683236691704637
817074318929546
571883150526862
426900482253953
747327213347769
813903378956409
5274059192681321
637334649697596
419942041463945
714798645373788
6670193203046408
825045767633394
598846934836924
610971734250334
512632878861660
626043644178051
580392805954353
7820821261336610
586871391787268
591704734295699
6590504624365157
610364012426536
731612341308035
790360364454689
502506957589827
456041864565807
490068259871972
534323935693646
553914618727761
595686863950774
711838769565410
665003122338550
784282555506702
691201332727776
824290925649720
522870708891088
529439408586857
543792276607086
591616048093351
536564925218265
770177586762519
753338031356527
793940351051679
512821708749659
592670198931610
583762930139579
661682101779937
526585774526839
641457216803309
651044018434869
750132813297507
610156152358315
491175271253304
573210580855551
6407134856068521
617900530550332
681689976240825
798935783475946
440590454604368
590137418706932
630768391377123
665656945007225
781070759513115
658692742699628
507958753312322
554291953562041
485260736438176
587160575810948
505131354669819
608329629360127
457853472791348
563543664796638
567519112217060
762003097520542
554240839382268
641517338013434
543024659449195
4719615391381860
607858706657938
589471675096781
453696602192400
590032244789776
456596033466988
821091109097111
426309761893155
49326453367
750283272339299
657015707730101
522963515473169
6554517861249343
785338328144572
544385522333989
498280594346801
450780741753869
519830508780018
686070573633008
498031890392192
543054279926714
5009367955820038
430718707612194
5479777328768133
493065960832470
429057642880141
550495208707495
560233004131055
616790846666923
460846104588121
681302635355956
544495316284291
561986680963539
448265762516923
683654930477769
583067906533475
608434125950883
558043244635966
627957405929849
458617238589579
454365325358109
580769733437367
544126866947096
470476933095247
464139827039553
684215588750162
609454582763022
655274345533776
503068360040010
694212492009106
541383677121800
517858958602574
626663794820375
540793599446824
554789778327446
530693751430401
4306150829482415
421720292555023
498079410371034
4171792466187709
461656625758935
435872248805930
602259670705770
432864281238445
609049849569979
593299462083456
534449963902108
448952846409400
542911731233218
6786411738143330
501602677280466
469028666456697
5830403983741750
617277798881182
629028953956295
601572917607655
555077725137890
3540027446044871
619304941979366
667751621145239
399910980077375
404794018169927
383000948571121
383707382049791
431163125660636
355349876468046
3620726548197032
380830789778347
366839446709701
3594513557341349
383962962643393
3789882507701650
396102566752161
391245393575983
367174715272614
362705632620888
616540042280716
3643263495916315
3589528854708016
368427108803788
381040225348542
369735266487785
404059239043230
390147678676256
3440685536206373
356156488934409
352823641805605
357260491063681

357154658564629
356044494766466
390141752637662
243564269586825
394008317996875
379503777396562
362390494362389
399794329006325
401317009039012
362440622395486
353831488052964
396028508048318
355299865559476
355962904952931
3774627052635135
3699403780334335
307510678277443
343452269898821
317548237615256
1802446613535903
3293407377633062
3338823403101915
330981566406842
301352061595773
347339003927807
3305818172989209
318054060555884
344534374249411
349692398785522
351259275084968
348565642466411
3556284524646621
3531066073571477
413279230807226
350598203034907
3518660318452948
353306311535318
3951591828401271
3813084058801451
336924722493316
303628265731062
3363414950603231
3223369924612901
3238904566170530
232840706849314
342166019495968
328721326824972
3083633805295485
353098891865527
2360738004254156
3032517980333985
319426783115684
342189666934857
306067455600585
3488902084691897
333129754336596
413396629649956
333479261608158
1888308654779258
383647267649864
316147324729484
1874484432914284
3445406572359534
352821698066056
315974456758882
402124608551138
1889355621458961
170497713462842
335005696874882
369779456426593
2065248533657770
2204000696653920
339247690242837
349210196398945
2330119967256862
348337951993038
1802975083364153
330582490377319
237226961590785
1789215551330289
1684206571864398
1994963904174916
212240980828116
2398597270447514
181070811189193
332855541134090
232134570285364
176530352726120
3095783130487410
235897588184299
331309694949167
194995638954
339310455607433
2115377141892970
209820830268613
1668802423450138
2141609005989752
185743915317375
2354571681452690
219837361768705
2427128520747277
190689705100604
192560305664679
1781700245617837
196507110551614
1767004740482599
1718893771789125
201729909841081
1917112471999066
225385881267206
240121309881881
183865733210870
1738819376404524
225229590972925
1871516986415282
1796597407135354
2227131067539366
2225593270785028
230158444443848
2398096690375030
1990718574552348
1708085145901266
212160905806538

225870739404704
221442713968407
220154836107127
1700530770339001
1738971013123863
170395785961976
166873593736191
241783974628008
210142147452659
2203029959876459
1848294422059912
200515676777929
228657290800184
235904319150814
2116704172003773
1737162683182882
176358302867468
233759348332086
207480199990976
173376291213851
200332967482757
184224178869361
1890702541033028
241283417796236
2278667192341275
1718452558389616
1706352692982763
1681602335414000
1807780965972311
1935160773400618
2090913011106780
218770054973613
2136350273311021
1778338742381799
169379276875636
2359000590942346
185364366143709
2038578122868118
167868887113971

1994504097505420
1790929264758574
163097566821967
1663760790707115
1708688896299130
1682220715388073
160969031020679
1921066801516706
191647148217413
185747996745664
242163544973792
1876360945956597
1598217633776222
161369556953835
2243571025974407
204489330457479
164510623581644
157797050762302
1655291828035297
1585071254838261
2196490197332158
1526032524297530
1554610844883435
1665800797033754
1813508739096128
2436824769870285
1436274416716268
1601902030322763
1651456828351336
156787623900318
189308511270730
1555506221918597
1485962138664994
1476734802616171
1630415430540516
1531308517162810
157287001367631
1664366497261838
150274192183136
1476716263102565
1449665109232620
1651859028369310
144592889536885
1532982336956938
154962043340872
1430357211216998
150935983591233
1452872705308224
1396732883959538
1122630438188031
1518191382032311
142487632613964
1541646126372024
1162564061078276
1124386981367978
1331087290770028
142941536305416
157097949732907
1059377358616586
1272226216612844
1362773160839309
1135438389892890
1371371330483483
1429584424291739
1356598818183220
1390487408101081
1376274789151857
1290100991620010
1300520347500094
1162095630661940
1299027166832650
1263505624396014
1536443136597858
140717549957876
1244196019396009
1240813486338204
1001945664082328
147655562278292
1346494929492853
712522118887669
133784015294263
1278295449637805
1122402521663884
1628855297376070
1174336022593073
1060679544904520
1233896740051545
1600641403545411
139983502750142
1257183611545163
1420757728289969
1174562860190645
1179455679092069
1191094064666099
1059567618862360
1034653403335434
1055618625434172
1059837044710821
1592953564286231
1086681575973667
1631376714065647
1386121644958896
1294707817886179
127462328485433
1645697829189919
125427890537805
1029502674631019
121777474517293
1048983316525273
1026138608161927
1211140969559732
1388917308578578
1187202349380691
1502241273913152
1579596515877912
1342558789581006
1692108834335004
1040196334076851
1004286093533125
399095457622655
1135376844006156
1581606265575478
1052904738408652
640544299357303
161653218835139
1582886848766785
1516189601976078
1603331460110044
1134920739954357
1166728203795978
1235927400474259
1256242971749305
422489891145924
1332814443442813
1025162895339631
1113410006133899
1178407746788382
748677345298446
1053558388009184
1395784557815845
2348303685336600
1400956993537120
1516309455813726
1025301971803412
592702727793836
288405536974498
1523687427725008
1071244723839884
797539066966163
1624044834325417
1663990113882785
1488059218131077
1172187776183972
297900576401483
585476118672962
1621176464816909
334994345743909
923433846231454
165591840172296
922878469566678
209062851057485
1137158163547250
1094310087906796
1099035480927992
1578942482371889
523419136017559
1600873603499057
461228200901675
1499935580757384
1396232760998559
925007969365235
1281282922826673
982152593360909
1102164107073141
1890981981083582
145993568105094
1542231572708659
100254004079151
872012161036591
1473695036268523
1095607011254949
1481190782809916
1630781993823651
144505487585207
672592240966819
890232726051161
1665826813897640
427979290215108
1103883927316685
352033303620372
1938775046519337
1588216998322593
1448920629360921
439993792857479
374916331711033
1390605284960306
911583385645944
295140698747050
719917999561588
1584811251816657
1477175965917183
1523477251054374
1044038060273637
1260726631181955
184625378751718
1408930962749741
1529149007487044
381153012029324
1493924444444241
486588324131859
480538343197818
178856626398396
1152059242647815
361980390521309
1314558312075025
115373941860882
1147199716634259
537847559692527
348940853578864
1149978399085128
847672368587714
552473786462528
1234135364690237
667323344056416
1623646144786041
553417162000175
836316388240714
1549952345733641
780414364039374
119457854911612
273589505623923
1621159748685119
980467460144575
1116874879220963
1104257173591638
307848917653014
894464931547082
1597550043780546
1951468231821065
4598714166895497
387661584774778
102583246505372
124352941615235
256507210405628
163144960869568
1424802221543588
1057000278085134
109096401176
243851279646146
1115147978982276
2273851889589400
1000469640694891
1113900926278614
1022238985130084
946007016609215
1009445109436778
1098394057517596
1037585191426529
1010844093476123
1039659732867241
1148469229146428
1020382679037557
1135573103970204
3973947866225083
135625870486135
1148583589268102
1100341841104854
1405986023265926
1120144678421630
780961807507875
116529225192400
631258478946096
488449097921965
1777742815983106
1068074903721047
260949163357204
243107275870242
897528541996629
1811924928952971
984838961548398
264346017253681
1096811257325261
842850337233449
582903201903780
143694102847257
4786478098067705
583098119067400
590432639702255
7618523568240028
913308730135913
2609378485906281
2857395674517396
405655379133451
1132905821345279
1393514264796369
916173515696951
2305815066271616
359121738438300
2222411374626122
169680924318404
402372150253948
126178430529475
241271996063538
808691862533197
903959930556764
893798485544536
647026881999712
373255056414913
3473334352941499
148023848602593
812658300498483
470352965351506
1034100290989217
142285383116095
1433463120256886
1446037629293439
188772730939447
1051734172831052
375802780416679
276148359974880
149967650317957
284026508060655
9813472692058335
246515630193357
1963394717283071
315077443782006
244629803598495
1273532656545966
1421420631714124
2230385220629603
460846104588121
2368533096790379
1891723187760258
440329408785939
1005891490376140
694250812282204

621125001557739
475535552899250
3401949756540621
1278295449637805
544994800544737
642364185954439
882550876548835
2473076229638189
1335872056974652
669458017091527
1381595652040552
780600177147753
1872345946512479
1128093058561741
5646875138724030
916314613244477
638559834783418
449004745239103
2540314126256289
736704869836043
1093173191544396
546675793514011
230417977756285
451397622409016
1435416463552880
1132229901216420
1609172440021225
1395594554656359
1801311910292369
624284610993014
1270003640212280
774624310584161
836172378492102
390101186596230
2141609005989752
285499933134817
633037282212581
883065616558779
742449927900487
629784271988155
1206636980710372
301490537624477
834110721475572
938140384486183
1581877805714221
2994650833887486
1047776327103592
292768300796492
179689628862688
950623306264595
191582285974473
1101784907840206
132363764096210
304661897029181
1042622190360432
292401492588771
1041431993907393
941489377529885
545930422416588
300343965061354
1466100744185378
536401733168944
141474839321421
411675800307560
631706707672484
665448247389333
239750491835327
969629051051348
3605154473105415
723901205879227
1318116698227901
3370653686414786
428537581519123
1049448195528089
985853665634945
432257850785117
2936458599914503
1036961094009679
318067804470243
874977886470179
457348351104615
3721615754794431
1201229816661601
330202022873563
4506694729413213
367956702739623
302568632171245
316587794521440
434704658895028
274077108762400
4692585570771996
592139381421838
2123511484542083
475220974402884
397591517613474
1170581140986680
921884436020293
1033839061410365
1310626846362129
723717116111105
393696690110880
582259506456631
994443255151374
382814205474298
1415197765526805
2642956355799304
213185060788968
577883902367473
540785723186950
1080822962446234
466706052377233
2386140651662636
363847351277520
2326843960974252
397514629310038
3358438354183197
959244788790707
1465353814336388
1485191575118211
589106198093136
636585547013804
1111189926342825
142197741335926
690388858161832
2153001408421108
3315201401870035
995278268028164
830312594857671
1556717278417490
875092376852899
235646997126795
1569606807119619
334685236137046
1178120485988348
757104918900812
983814329230078
1032819097690287
145203365552444
300058979241885
322055100241144
1892816081100642
1874769112948082
680678410573138
864470430912007
846416755441366
829927209200642
571297376909755
1036705134774941
457809075193942
593765911352118
895050914242287
2278450738852633
369502366736203

3304231603143403
1790779594703508
717394523090157
232391224636417
1949306785290097
1390338401865133
2623163981194219
707814817017278
852094515538178
1406797012896637
373477680725019
7340938402689637
4722798541089893
194798434464830
549422469497096
794161644127568
210490718446614
1602568930567445
790702656319561
858409685937042
630542605073418
1211419219572824
1323889355673241
1006508480410199
492452066904071
1589697678622314
2211739032345842
3894278057467201
5937927823000966
195151768098271
753301383296346
875706023774133
1677485372551864
1975681935986847
1157408368072509
617734802907416
685061666056846
153497800019382
715405138993719
325232690602409
850486213307614
518485225198513
530693751430401
553255218172653
534021811081717
2223174241358120
2156616581164170
5128001543903457
1294517991488992
1607623886156644
714045287247746
212543518213457
100422369727359
2044813888869958
739535807043792
521292829612779
937763230372770
516286653151063
1052700075825838
409042425866271
7235937466427006
606062105040824
1186543572355181
485232888652618
911930283234127
856859222572034
1819088728245612
577284366505182
6341085345999540
236869643506086
775737631343022
911598352687102
940791626890806
595556791724902
383283031039794
719268784927026
219029689178053
232953361641483
226122676878191
699625287797970
504579834630079
2959856404302973
252278993547565
857860036273896
1371435793556591
381022798109877
584874714498098
1399065460595192
1189848014945574
981058646568396
744572687840927
432866979326185
179236197394611
786589901351984
1013663686593279
1202634913666957
275771651957377
2430390633801665
930691504160892
1150862889231934
361571493286302
183632708815526
2014765688891082
1524343301305390
446812379491531
1094206190611567
450770863967925
848897519049213
1913957772162343
261534057810403
430426575340735
702187761855805
1693990154220837
590430446001781
1232723800982237
727298749483888
203329293603188
253867874055480
454116575838019
233904451069020
387276573550998
389553810518464
613830003219925
1466579807143615
337197435496880
440331287932466
818922423372829
549179706156599
1681629518623656
1550328798539484
230726982940465
2309836839212433
737635120715210
983811918985540
877165037108816
880563513972114
248025542310720
569215637076051
944171062879923
310566337134694
504725933042876

1385340275651568
5114517851994930
4711069752273307
270834347904974
229784129433759
1719080428499979
1060423657359353
181070811189193
679194392492046
747880843953334
1405172417081986
738550214897799
2384974668191958
563785874010954
1581725508722910
975904809871493
959654791894480
381170664557218
926310945876258
7717209125035805
3408006279414555
1732356537022982
1422178158406707
202286059500913
1708618842493545
1927779194080842
335484957264474
1516651382189418
3343497275782414
396635155360762
940988357732111
2465244280209753
777277772661194
435451203176927
591923936230350
254983610097341
1903086983305754
616043879146941
327868368915534
1346735716093465
733327845493043
663278377110228
2227590100713721
735729007514283
1903482513131730
269505960524183
538696153701862
3603155059921854
778596932533645
851806386789777
766643395408580
161860927934902
573927563861025
767125287487614
987058455861626
791658832784926
146562285506897
1082171426140008
895743821626049
264081660935970
223804364054251
817262078740536
633654718873530
1419371111963446
189171217437175
924782908188277
516242968907116
1443721665995662
122756314516338
3346354462351850
579608610925208
779100506218282
1330524510777146
1771458663158321
1337708490479937
275054700246897
304907771188032
652103525913921
2327641024064571
1060030261371718
319984315985540
509766187709311
394270986410032
3134557033429351
1239124013431702
802973733152534
240766415102355
1408479963212782
368247260830027
1319036528221863
135485846790754
565061083667228
439219881151030
828454908629535
271287581492905
604420896861651
130520666980380
1367759433310567
1788725328225918
1161219841839700
551149028860845
2674094102841483
2288828941170629
1495968431136513
700165507414261

921379788403593
1429161691036350
351902167003419
260674904138982

829659695702275
187144431655031
355484984615835
636178331814461
390127889580185
1493394678227593
430733443778074
2405345429856385
682708133673848
1645368362622735
280931073136775
2376135955966063
1685593365029951
188942546705789
334429084182578
2075660059288195
831609761798310
3566892930227212
366911053857800
518023886880933
292256912926828
1225120225010396
1002161458000856
823941755200144
1598246313891199
275255162267657
612225574270199
132218507579102
902834094846450
182422923702036
300703712284173
586832346782858
957495501424173
3000328796881837
718960209895095
899221120659892
1121454405552912
972332658023843
414850109867047
402411491164938
360327786409980
434237489044437
893810745775960
308345985284903
1538866603136339
1049424658480763
1282069259125748
1213148776530480
989934332583147
781752684133288
390888648609662
168178295283630
1441796312735191
907399998058542
327548416662674
271669447106484
606785412740412
329623032016170
1267795097191602
1384854582149988
5563129490401685
1270505033920060
468337124883671
1220177905094910
1608550879635030
1282658485682604
743384553423334
465827695423704
357187731569512
982397676565191
453346652670142
730748919139255
1719553464934033
709515657733848
378246893468168
777999803663282
564791622233060
1046463543276881
2226094977552098
1013048766572451
264328336095742
429744062497853
685009993217337
872058109595297
532438217432771
426587141172006
685897622784889
594358021562018
2297617477198057
882176215974526
314589303427080
986898435709581
748054909726375
1649657725843294
308247400698089
1058089475300483
1058094598749477
683632243065196
208825903239818
344741970769779
3367533753470610
770114614633822
3437258939850320
1072969957876291
467706338246788
274099211029246
599731220235332
180971815646574
203302814321054
298291526652339
583549655466581
761981107791991
458270937022163
7610414315735087
1390340084814229
296037982329009

1795368214153384
1286888914705324
1067227777852419
262255428892004
975034620218450
202173018253794
372846231370765
1900498633701164
1488132018222707
293421009140630
777471293483139
2958702334408695
1742843269485720
389581601054556
801199543915407
248955961170978
671914731712314
326555341895311
363580081204102
386560978344904
768722645310547
238250974428884

335820281570510
196242964432092
4002076663222658
1142808109105291
219719095278677
141339589073138
989003588569261
1586332964831628
276980614865079

706531718171049
389330295375825
1720052334957992
674180754682547
183345393823813
387403899162013
2193221184288349
728213611068346
230612736108240

363183012675813
537896996398735
1100483817484600
1864726544034724
1067013370993706
1806081719628026
331285191767131
553938802054122
258974392705669
870887183836985
520457636582137
377983834370387
646833322563871
1449613891937569
1225675214553704
748146850695865
7162112553863792
1582682335842073
301631266164307
994728568857086
687973806719114
341129228845917
421363634141599
3007174632892212
235877308410559
376176660055786
1807173619676358
375023455270369
991689825381796
649175030227403
412174982707537
254708031725592
774138581510289
1190121774798372
286879087282584
231320855540794
674703956679064
1585624228279321
1960051360983857
210046658551243
234538152516662
1051100743027950
299515893189576
979411136859983
249513055574363
984532125914725
515661590946923
476241720367051
521617174673333
468789455516664
788219535440346
3760193614257417
392376639182705
1122705158812078
942346200381903
344294748251192
848495690311579
210518685969115
711771367585517
2707487372801984
396159082760681
412028555659920
379623402234452
557962846513257
968591863247850
911990300116148
756562128359059
1370294667218643
970526850763552
1171972367244700
189471827560732
2223301764378825
1635479336691393
8807674089308420
196377727621385
338044078754664
278996934510571
296408203429077
3187494328234821
950265163497661
699628772001437
913567866560805
1021939584875790
1262640880798868
869351356546396
394612686624648
3648217212092622
1107168573843364
588992794640046
3594319377253549
3033636200113687
6315600808551189
1027651932481875
649941472823013
464989312861752
178655882583755
2797032467070357
1634188566860872
1122508695724112
266880663781381
239115259295695
532709262300031
1689302627961301
979089246432745
784653956893686
1214816955966265
234904854815371
1427366534699930
1239977437245055
972222784135680
167076569583075
352766320866329
1727593867477163
1298615594368574
1116769996410555
4681091238615788
976730942918437
325742777886511
1134209551080611
1100151427695140
150901530374686
558742169317604
346052159416341
275006620929392
1291307155187534
1801101687053112
960669334738167
1137940306949870
1330689634557091
2951912764837956
1615141038655213
1918855434955222
1002626334312453
1284153738943527
284184531772105
516262886055082
195047683290617
642891763795179
1598513437568035
2268621713195993
581865203196080
231570748820508
955659225970813
827466689183278
289899737062700
660534782659793
806147640915629
1457469211462595
367101173378837
563256975746342
366947552179771
287739217282321
1889044518179832
1030622181377443
1717422001832999
1002693000402240
190058037695011
588322299524115
2468286726672986
143371341221312
295922604528914
226180317776080
239149341459501
139628154959705
599198948159290
944228123163846
1470133557718415
846804930206283
295106693540058
1254818491320057
520261520073210
865268980262647
225750992694279
1849121428839504
2382255528623528
249664347444995

1893804454233511
966089717494098
490007672053009
4189148257977458
7184168771613406
6635107666603673
193784324486584
537153341519903
591142685022437
668015724000487
729415228925469
191673839455731
234251491526270
555796372961163
380716611019995
384159362597198
650012928968890
7184060744981662
2084399518362616
1079060886871772
1389407477948500
218514452182388
744276134008106
884505799916100
2993960754220490
450128470889299
620268526572555
920219922445919
5830403983741750
262119783117505
792381271955912
553695079711567
504877513805879
339116157269459
346087011128589
153729411138435
1117707799026903
239761984444060
1329544330734624
5837232569693255
3144749639089345
1486372908623793
717591400589712
816594376124433
1317450622046720
254175770215389
704741222906690
1141625307005604
373837633659733
2664761270456452
749890216797555
1547265109351494
288708848409616
316946515126507
215160196376848
1273729886990459
287378570369118
578865974225404
2226247070963246
497276582722559
229305069960145
1187729835116040
442372466877876
124279094368716
344486555167424
633656927779325
909983617083325
1010004429518322
328014973536158
942683690893194
2522546514587823
1036082671090782
115311500088
624793121309548
3153168508289975
977499850217634
485019559421747
7550865708319795
1053659662114276
576034383816368
292117389309300
784080582375858
407345965428839
262144651931399
364365493242695
377307537635356
966502331279604
179272389602470
1381802589400156
1293160104720809
1309014523350343
441794535985101
397946367529523
222580865659579
1284802245752441
737640981541272
522370550308904
289419096025468
213805183825648
1481812356014351
320080442288420
388218344568168
706902957836088
1053272055456181
1215635472469254
1248221399493465
170928209704246
1282195382220648
932494335039749
701268732143351
1000801714266833
1186258268896136
2752115951685032
480563960211942
460953013052741
1073551893419671
1088152541351760
728252426105829
449209694666750
361580760041177
1835892993299401
1019594272867618
299407230086332
207807937687856
2660651507540823
1302952223599973
211478661423423
3009670932659006
2624735234246006
439712054923523
626166725207981
258171085153719
375211656940041
542769836721902
343272024890458
3234103566852750
278244838275759
389303213532166
563210992731245
3020861904832884
312117574945931
428841595061475
814020643878741
397883166098900
1295880394164721
459321531625992
687690388633294
1499874677290781
697369109040944
2145632915828436
3779999518888231
927621314708173
1122749115835270
194930225262515
1840863649714160
209300912250362
893756341069332
955041145845521
224519204599316
321287820798489
2690070071274946
693553031008203
992528081665245
1658129711595694
260939120404636
467209985046592
390152279920934
918004226482956
769090757231959
1616620785770242
1021330529482141
2032584160448060
3555198508084158
801559181928722
1616909872451010
4103088863133550
300269227689272
1512358989008018
1081459523287128
1865374140497814
1526376501504074
522200257932522
317083662797315
3634565373439046
6772051159496959
377168170511436
3278455022370223
209211916229818
572876690389707
907920730891682
582367709296262

222289425535966
412896401017185
788981796422137
827908468810834
313102815481236
1166728203795978
837201805081392
5123127844451921
2451942135113681
265357516296252
220053214350702
1600125514056379
2899939940224471
966212717465291
787738093066739
901370220366085
2044438022560366
494608448222316
112502955480680
662437702626059
270110562129408
1149766498384717
667867614132740
999562196779531
337601442390988
333261760213141
1038053406698080
7047526152002941
312771282740130
1067527334528424
1247098088643947
2017019685251134
507682116094064
338945407650202
372353979819688
734798390395556
964849091367950
705984174785605
1519350495306125
1422973791739540
4328457920498408
2037029273331516
261532196743870
481790455613263
1154277699064705
1149666832195907
2426495280853500
1121555611862772
558119808891914
427075891480051
6810064469076120
595996061527821
635657923263218
752733396124308
246577695145542
2456600371172046
1287757341975376
322189605187444
1993220837564706
2521784548063475
837229987943830
1762900427545323
364615511748528
2645473892144049
319985339819840
1055801209125332
430204805376677
597531743631152
385946013907503
912821509451769
193108431492022
137917041724332
987249579037362
1050228322959721
989449698088172
829291305512080
1266193117212709
6782903998403054
956013065222478
2250853871668156
340059331167401
129946231034793
1261355040885085
2203029959876459
1945414105692963
679732579850708
314246956878121
2215301755246286
2485457348304279
858612464638633
540217213760963
350348277901578
315477554844764
1348621609197979
1632723304128285
3155520064754059
816816966545433
824940849033897
3651288258418761
605054574806001
102521142949173
332181653903068
1953045921679039
768945701619249
1529818403832928
503364216921208
1549375712501642
362705632620888
381529500459002
555761123661724
742412687205251
1522141335246131
486906967156744
1533703997088205
496839054532244

719414949721828
6933420493431479
1635478876852403
1727089557505701
978391509333138
157181020146464
1612526325958234
608160634161476
2388453758032094
910071360371625
292271834675439
397362809334223
2214741395356635
1456527058588407
1363478004570461
308560479340457
513030803995822
133636787039923
6683028078467276
1633109553890868
245721460811323
664996368038711
667589221847885
2287198961622826
908663960450834
814900020115962
138816116223136
384981457572256
222261287433304
377929458078046

576008533428659
615588657031932
408585621773742
737265899668077
589510322357471
488343612116064
1002729631002110
1094033120807593
276959633330897
1227940404265951
54701022375
284078697994912
895403025571821
330036117800333
222724974261225
6759841517437135
424841065418121
790052922213849
331436806627506
457187693027375
1708136639406160
276678458664279
383839547394161
312965406941523
291123979556998
1483165095832178
238930444217661
317335161292178
400899810508613
747629510064600
1159284234522355
1374708702735946
896757235118885
6696723747093824
239269705916174
735079278423174
747860800877839
268406600250436
778139806776115
2501416416709261
1022887575429080
360525999421000
904947037450230
328977597263453
500763050069179
866545318272534
2190905081135887
165917727084732
3185083565101222
495503785679987
2307948026047919
488418024879456
427068182683930
602501877351014
6235711876544006
1213222909406839
656530264401257
325145807963184
5552963091478334
1603819376635528
780163954270655
618320979530069
255676455450438
307738781782238
476966936736990
548732040049594
423631718859795
1758986817528924
287100427105666
673892924647235
350758018118708
736972107469665
207053487604594
2000312130187195
1692027270876414
1740729633127588
538832368634596
235655870864628
1046341283250198
486526625669648
598850497830482
671226913265563
295537538211047
2611103862361474
925631965087896
289374146340994
1450953548972521
264839004563453
706336980326652
702355107594688
908608043700241
163089118928361
701736848127981
1305065473493757
209534100483027
281944231249542
1092315607819518
1700077770200175
515974792082720
300635657283003
1430197081101236
423577640453359
1799397240411314
250484104691772
2285396911644971
1026669641460198
1203291153569758
639040953195037
261740897231803
515875556775507
133486453009204
1985692251599407
218516056116728
206186428336491
413182167005596
340979031308550
1048871451892235
217571565316987
1135301074354786
1015003682227395
1538097806594807
2745233945757527
1164226420318639
554887412825048
699026618202821
833270620851869
606505269530181
348225965263228
483631578466162
1930243220689547
649555350688715
373850630265354
220979818532691
981609373267968
190675797614537
176758119475699
507357917085245
441128113597219
426120703247968
926098269220895
682647363173994
5063868568
663540429096446
1446557642263666
701701718747145
725675902755294
1291098431408564
3026721560878433
1813506098899916
164536854068804
300598557238615
403518475684989
164186204156395
455096220106745
1075063256960084
1927650390792246
1007742977457495
2278428045668835
666818354896600
707927990438783
656620609133849
372669307280512
808401946369780
7093569924003407
539564053808776
1310254679883759
123505744485696
1190800808009192
3286080654754511
1583664118545946
688812044943734
371808397869830
249039835220234
231394573311709
296955007176247
214713142901809
672910709710798
436222283376238
248092170556350
548945758626928
801915077314364
734849393192215
2208701066070283
1365823594003919
483281253249095
5796557423728591
880415257129064
426635254889591
5818295708214565
298422867859887
2232197897087242
1089287875135461
305846957304553
991274658624183
943267363890520
919732392017968

1024606855440344
946669142906505
460761051872431
1124899518510451
1618763508606217
1431377467137064
665324318310939
691859915101896
1128260361613036
557647938326989
1785946111601193
860590982359364
1554764004778472
792590088537941
302403522429481
1370821502979116
216615648091964
272143529139203
435026674422824
1812556655512146
233829863440742
2328423673877960
1040463133025227
1528196060806666
2930851390311019
3070315536590758
445008162626869
253820968493
303086102175460
1814189158637396
2555436477924364
842939683264894
8295314790542864
3383329971888359
425504199218008
1025123708895157
2299096020286976
957396618034906
1544065969691660
1631836511062576
251211670649507
979346609283890
1680881385521984
1250031029026392
530535134651906
1719753491759635
854004125440900
859409135723100
1015951426148392
445218214504819
387595568831454
819704146838725
729040875433050
756929625111353
284969889236548
843528132731577
2122403874806546
740965543274837
663323699139190
359866846488933
1440162569622855
1504560646423692
223011546740242
788133170111646
1308766246418253
367383391691178
681666580703970
233212456474117
1208077003341766
508782964167077
1735560336821871
351479267349995
1138049520843391
434457716730606
182446203073142
530841012371063
2034634416894988
197505863597
1152059242647815
1017739268703484
688075676313161
697573672343412
897412927475787
3372440306380487
1103799953963342
1617225392371359
5979030965482695
6806724879404121
359761043531093
812949369305827
905924036525833
1203193280118841
3459051194405727
197143634713318
856291908322608
1493500788170851
1907815869573340
672715880568267
230753961596384
3634870870104515
1073736089345863
1149700198403854
932382734119515
391653839371392
346395887041884
800420895050064
342055892579194
807927154431443
745183898916038
234234933806269
354427878555180
1111111059964851
283111786336685
645668189355417
508536850719230
208607656398142
372312075119351
5095058067244626
142480087945233
537385086468569
432974336063057
532571141158538
1001289115333399
309867265890581
663016865559769
396292645656909
255388073835822
509762166732594
639081649500651
394865504889684
1478079449462979
1578205219428262
1746129355756510
2865536073603898
480118429505955
3216370798601649
2248434545357430
2450790871752900
322846191239564
597924977053275
1038054920642131
358203321723425
869080529829313
804359524275504
460980784921822
1464380710768168
671845374496955
915659156701039
311225428310633
310342214052580
140213841335821
825882552480068
2853919774864518
1405184900428202
1381119839041336
1456685518203218
2129608470729836
937944627910389
275917637038381
279560384699995
2926785037558761
1792722830973521
2770720116532822
456261052693455
425643296977661
1033988801164220
5825428834208259
546304546439795
493689053109144
1602889370255182
342565014661275
344942748708143
5134764173313630
1033463991144587
650582701655631
766836888965130
517942660283143
1598445390408947
6083297345066682
723076389996406
1171330644313189
331637127005254
5978958268807267
401236943999043
4019200934819588
452882674307559
687035202883839
1535063973480874
475520805072335
1692315997706401
1641134630013435
1220902738257820
771268843997251
766782876821877
241780755641124
364516912773738
981591336738268
571713561629598
754671189990625
433525817323901
1442826339443524
328270063523081
1380984105912858
751861840188018
571199326640766
287636346794316
5038349116214983
319433111760189
444215900517513
412971131201718
516992443420409
1173829170639256
1512971165674255
1638286436581064
1008523376166601
440671785140150
777688104185179
300458157242937
446706374549946
829256698977776
590859156457720
1421642998518182
2534071553490893
3289271441381236
1083281716308940
1424750384546647
338133658773660
1071479723979429
492993226462917
2799785600264837
1189374228977504
946624799385261
264023471141580
1045084683505256
661853189014755
1910883902443066
164510623581644
3415603352070499
338671368480846
385627951008045
420980943859489
1090142527761840
733575845428299
268620324549832
725665929361366
224908820148120
973393353776730
1198338087278088
521954983257796
649425707064019
1018992622040937
436443625750936
1570088560096092
822936614844255
843104753359262
849182359169347
664984879104777
300282176292836
1341340753201545
416075260818882
1447384942419089
1018315966546994
519830508780018
506076006199635
535573665037601
2354198851396366
821216078603826
738954060365222
4514875955272874
2204000696653920
2873770379509506
482806899639875
530435098409346
998801353965681
3144352269184943
404013053591071
24633757102937978
2097910500576213
1073921649877588

548966211876157
658857332236601
430104797535047
358693217063329
806692484135901
1094534705233423
308320465096106
843487122817449
1065087661531573
429010528665473
6343672679010246
1755201644986520
502271328710593
873257197687549
788957735161056
121251801852305
1180001803375805
659621482827617
267725724337134
135784538577363
950648556615882
1063523931696055
294241350682876
753911559341552
345983411894599
183005405523411
826862108303115
650563913898661
369217988853471
593587788387862
2146428005717341
942178263477833
1536273099719411
365504779681887
939131437938868
219520541876861
1909178316001196
239762757603651
1320197845303978
1175041980118462
1034530870537687
1741300269238372
605329677739677
747238896756135
1868016420246724
2644089572495715
1113369688736017
1187217415542795
1043884423359779
237660630252514
1475679979722177
894386972026053
3234172786890304
1250431048419837
702566048028587
278785076726077
911542893141898
766729035310663
1456683488094369
436565588955491
1622654717981093
611835623507130
707909887948244
1183837742553232
1584815488484076
1439216536666545
180653528154696
761545227928051
217378809578083
6978475882166101
430301750463841
1158457248722974
491349478027431
803803348564110
1059801354876102
845452132287997
239783230647295
2348303685336600
939085847809355
876322826666482
1418392245106987
1744332239426448
1050889899996996
980614430398646
3229568533964390
1605318073103787
484298100650931
301998262810168
191647148217413
1111065113385777
1518762475649031
468550994553988
1364966527550701
795698748278466
1572667089976377
850959442773186
726566682599379
3715908785402104
924700346074102
1535075067145570
311007791371817
1146869949797518
271149042691705
1286943212237443
287218911044438
2788341264628238
123906050599909
1091359088437403
694967282726890
841799747731306
383798480997203
733271744910145
389249093729213
257177559076003
2045794808900177
389579476867393
288193306241752
1027966598512245
707096124660532
712060406116280
208663390715791
576209102711661
929564251923682
1925306331235137
592326662595984
621253099144291
750132813297507
227259345793999
1263505624396014
974908876029638
8637517796336036
134535451985341
917526946672325
483289147345024
828715099159288
265068702368243
290454108878639
1300364963877882
1157987458287995
1283031245740176
486179230036796
1597927253908608
710137627371723
989076712213921
175768402573755
475145570355281
941822006193469
2932452276992686
898210544982782
1072186110698874
425986349349394
553615706290021
1071277463384041
835145044141142
388228267259223
767325641601407
314568962285777
1439004346764880
1128525818498555
263714668000410
2097550553783090
508574875999212
235356321641990
994197021900947
881019809108027
202017558052279
334525711151580
933708050653942
788830118616540
1236732003985610
872491430931052
1299027166832650
898083957495764
755095595941737
171411594183720
1552203041488993
271921252664578
1579596515877912
1161128968580784
756387369755078
779069560720828
1029275518591979
654459356632224
275325240100395
475550216839241
2474283156123076
6152558421464819
407248794338846
263111949452339
575594150365613
470226600780780
164755800008134
785183419588224
982934858419589
792292745441564
1707475609408597
491775132423154
741009227040419
1135996387425980
746552652817746
1030398451599828
603786827732066
1985148065177263
898352291521525
379574994637462
962070280618750
8275677102451435
489630414014180
628866441777348
1030525877824846
190168833832337
327552027040497
1528483991343370
280675176283318

1039168273868017
2303681906488235
199153395212994
828447565837376
1008265263685981
999728921762928
844274823985042
1754721458352377
220563814971379
294315604604276
1510596823220463
288021264231329
769586401989660
678892800482636
363620089632002
1783351015502854
342201025564207
1676748989462613
901052393335555
487908686904385
771560406898901
486785601864513
980905483758519
2488578308022884
332025945148601
1532789100268793
1011395300678801
643414157919790
902373715229566
625091964882364
1176419559718192
933671744567791
1355712388718046
1672242706582089
407474227953207
823152076213871
386939210713310
1458920845004963
172255923119462
711111650783759
1013997290328947
474614044253285
899618940061355
2563128750625466
990148182061496
1015889689510117
1615634929254810
312123594523273
1355410235185467
442443678582083
505946262782517
1499036817189968
1576595499922137
1182646176312875
1797783860631065
704805460140980
1269054186937911
3665290413728284
801687814130114
1559175547632610
999692023398448
237325535667130
869625078059406
575525198501557
1530979601074713
1300004444025742
911057660390486
869898638314599
3605938579655944
149857175218986
1048610845527180
478221761719460
