823970659525727
986309629649719
296673612359119
981804869852249
962922527051440
891989678303572
740127294334969
757240474782480
679589617639881
679936207662999
696080891240529
622415107958860
6350600315026783
600478985512273
543848200578055
485107074983424
498703438949147
499948137374385
499421197191894
428958897154224
379680586934414
3410492812496173
3481496211935138
337429935080148
331249940034639
2644123092568573
248659084107047
2519420301560883
260661798710220
255350207414276
194473351486851
189955343806271
173797564940155
1708951269118458
1640516420134467
1600234143386849
1520775598548598
1457844104658901
1361094467849908
1400909560152122
1316768282423541
1117929648837786
1100717113950839
1155288941186173
1020083436193498
1000059151560349
708639002573794
756708479494470
663535177767471
486158871510598
438159385348265
364164489049768
3202424406554063
298606839076739
1768476470036978
166457115299204
1210218179557960
880990646134103
447559552973738
305489915051693
2625997324369308
1899327037000426
1563965924537207
1310657689725266
924757535551424
794779027806468
640722070210227
615619809548760
592280807610942
615619809548760
592280807610942
613686738785669
443499372424983
443757581266462
443757581266462
286736287605702
1608003112783372
1261355040885085
1261355040885085
336470893121112
339351919748995
214706393926721
334904151175934
987688678066657
999418586845279
937201066364005
805611553536823
6274511095939728
397106578942142
385966475655268
364135583010323
361333714511465
3336442026463884
3126933940861437
297642530415605
279224313620316
2447832332118382
238154738450107
2026629284219416
1985543948479022
2028674647156155
193186772832260
1820645168168084
1683702291860095
1606065622976013
1676622789244039
1551303138297122
1584987685066361
1459520194380049
1496823214061035
1177801532332054
1238338273029280
1025785937485208
6040233869370765
655634662990830
546304546439795
478723452263632
3431916230421679
279201442122152
268227552047108
182570615806641
157097949732907
131225837541906
1065774221530129
1023576091939864
827356697364555
622402737815050
458752144303242
2383332321905995
1577298449244066
816274605157962
816274605157962
663535177767471
663535177767471
554380455343190
450731382365653
450731382365653
399009224298563
455532765544300
2240631166132936
1790222657973420
1790222657973420
1571057376473422
1571057376473422
1034945297061828
970417460915358
936759847712124
931584043687069
898582920189621
826544504668783
695288208864949
653179403426193
613743389962331
629316267217367
561847444250176
567137963657556
5868274299869436
563101873708573
5708462469229019
603096549852798
553051205930127
525247112987254
542811132576040
517766062576541
515508998583553
484836827249956
428402403964129
419030289463742
368435510000033
387841573231815
355904497929887
309642494967791
301902666575609
2813358882293583
2500548263517289
2495721930665175
242694017076280
218435328895546
2294739770871427
196899100419590
1834137486755848
1643960852574616
1607756659797061
1564019523816175
1545532683027199
1476877925783542
1415071892152676
171221793634852
1273738219921320
1304984330199677
1301612980450528
1135495326803456
1113191462037637
1108423986707927
1087490408724784
1074235886846274
1025210951840344
1017205588321060
894353691065758
937958137046098
501454239187138
465222751217132
406655549466115
443592219017464
2903421369753381
239098899755014
2588379091413677
2543181702528001
212098325156880
952906441395877
946423129499606
915289398945057
893819707712298
906704720453396
844009606279852
828663354366092
825823238794169
839083313409049
844205588999279
780399622575039
814034043252294
753385542251375
765010833609151
732472096766554
731092146911121
693914905892938
621586285986994
6473213386040544
567219644728466
513583615438445
479085519344764
4235564773389011
371968875482239
356220464209795
3549428508501405
325073778107732
2856009551387653
2782384148446190
2555156311538791
252868944904606

2267327510282096
2050691431937628
205726942864477
1867366997037086
1880430512186430
191303194565554
1860786130738715
1783275828726432
173084199694268
171838848497674
168062630537193
1358769184491991
1212616939913918
1279122805841915
1140265116891415
1136861813850628
1006674359780442
