585476118672962
788782588642888
748677345298446
585476118672962
788782588642888
748677345298446
488449097921965
640544299357303
316909675030101
399095457622655
116529225192400
1692108834335004
585476118672962
788782588642888
488449097921965
748677345298446
640544299357303
316909675030101
116529225192400
1692108834335004
399095457622655
582903201903780
1405986023265926
288405536974498
422489891145924
984838961548398
1777742815983106
1400956993537120
585476118672962
788782588642888
748677345298446
488449097921965
640544299357303
116529225192400
1692108834335004
399095457622655
316909675030101
1405986023265926
582903201903780
288405536974498
422489891145924
984838961548398
1777742815983106
1400956993537120
592702727793836
247832255668404
461228200901675
797539066966163
585476118672962
788782588642888
488449097921965
748677345298446
640544299357303
399095457622655
1692108834335004
116529225192400
316909675030101
1405986023265926
582903201903780
288405536974498
422489891145924
984838961548398
1777742815983106
1400956993537120
592702727793836
247832255668404
461228200901675
2246020185424399
797539066966163
813507032919171
422119175888440
453030664275652
1007468567015704
493750829247776
334994345743909
922878469566678
872012161036591
529891397607434
546817169217560
1665826813897640
385433792197905
1448920629360921
923433846231454
877918839052797
1140986923345247
1520880875391395
209062851057485
1830684183862635
553417162000175
390358937771752
911583385645944
1396232760998559
1034748921237690
450454772446916
776747543937939
1062530323954476
847222549240742
297900576401483
205714856750152
581528359952251
1281282922826673
731401811609005
169207113615631
333099380649087
1094496201408471
1390605284960306
864637991328382
1102049067633238
184625378751718
1600873603499057
2720034648098909
672970950199641
374916331711033
793943865130880
809885807417433
444577206749349
211912101963975
1547108282198954
308014523020747
748522569206699
406250682727792
381153012029324
494612182629213
530694933702221
8695409263864025
218895052936676
590432639702255
982152593360909
1951468231821065
124352941615235
295140698747050
1519216002040274
441339909254176
378988669625547
5669941676429134
352033303620372
427979290215108
1938775046519337
1260726631181955
2675924952557731
1471628213704073
672592240966819
2926898774054189
270587048881169
1211514528926458
1036213090151955
925007969365235
1987722424879826
494153261830124
619598710071354
994721853922075
778949644191048
1163318100879654
890232726051161
980467460144575
1621159748685119
439993792857479
420913509725859
762966417239848
523419136017559
291670030118465
1890981981083582
4598714166895497
1168449940677192
719917999561588
864520831854946
178856626398396
348940853578864
1811924928952971
862784825214715
980444052011799
2161435104114241
486588324131859
295450989495504
286858153006712
607037886631037
301617517529891
724921758068203
1314558312075025
126178430529475
1147199716634259
2883833365231074
2915439518564937
576751689768891
731062920281132
135625870486135
1886357081499869
921854389685496
243107275870242
954569008247647
449998178425859
1447878335563101
204662273367826
411003099888256
780414364039374
119457854911612
411354450010447
489915375862918
852359162094715
893702008273011
1597550043780546
480538343197818
847672368587714
1424802221543588
397991014953064
1148583589268102
1057000278085134
1408930962749741
260949163357204
204228073472899
243851279646146
1132905821345279
552473786462528
614076464207488
1051153925484792
2290080474635463
161830001868935
277097889495507
2273851889589400
387661584774778
172856480123656
537847559692527
409127981687039
1125236442053499
751927450021239
307848917653014
1148469229146428
2251229788387093
789457704571945
841071426303617
1623646144786041
419205639048121
309745984198706
1053786871313870
667323344056416
1271232127619724
1234135364690237
361980390521309

974942367713840
484495520700212
946007016609215
1770130846591148
894464931547082
631258478946096
163144960869568
107202639352378
1196130510958577
381251071891333
1098394057517596
780961807507875
278008522310319
1549952345733641
1907440476023898
836316388240714
978685576976643
320048483302790
861089441150365
916173515696951
897528541996629
256507210405628
7146150042171507
1135573103970204
3973947866225083
451081041732244
273589505623923
404002690853727
1618722675018838
117709067975384
5879749478809891
135149462061693
1125381354900081
567041735194881
321478868329487
1438342529768779
594671054465850
819476381504636
981658960052573
504697373319535
1070633883524665
317401067367146
1602872577221892
184767353718058
4947819105285920
830074112363002
455353373945467
1365360227226119
299629591274433
998088514548800
1476617316463339
1368239437394082
1893270810685842
667158662139187
778501536192941
293411789385778
1847367125373794
903449069666397
296842741681947
776822673257688
710943096785184
660497851642508
890245295290492
218797168295463
615171282326524
558997237478828
2060204454260071
1731769083873468
279508918919510
883136786190283
269438845585994
310144453286696
443512117835698
197321422553113
613406765932014
1251138934939221
924169070940034
404113051362288
2189814144744840
1464903904128410
340634294040816
612408679343615
428262436465840
341489152224801
372403966280805
6098370886899157
1239522013433699
742608674597999
322576984520270
824192573024270
1168745720189419
512013370933137
1401160030775563
294128870157616
1391382894490461
3873900692839706
945525840580843
285246412325271
328711267335625
1265873723966945
949656033115432
211541453277125
613004827384218
2663274477117966
1397110687807307
860000048844710
476261423037189
442781016494568
2405405249657285
1261127051207965
698539065763187
933815333830514
643548010439315
5564411540294673
633726154087713
292013666484530
269333955868349
788865383289321
1053891118492983
1486159718949195
1159419897863504
429370975736371
285377299752085
1314030315958910
298766703639082
872956637500036
672793944855628
6619298941469559
278848760040723
250194825645966
786989803392377
459508875455014
3768499473435423
530097837024646
1189402098262301
337688346960514
331202427930749
1608173673092704
296431971350415
911060480610332
269217055538825
1508510246352198
1366007757590586
589941308958243
277313353620583
627275437923552
312483578325036
1441927800047788
768219290632502
714130997191127
155961321270244
652770773419190
824599762089687
654387496805978
5553492511417740
411423406665871
1073129419931203
643767291211525
589050866129032
19120303910
1379769612937685
3151530568445407
934260966605389
613289319033559
424835925427261
637052560119003
2089340354615642
1213330032855570
64048459368
599116481486859
1439986899566148
137170480296296
1096877313676064
616615369050697
1086580265643441
2364479623810220
914296475755524
472885653970616
977840630727901
2408441236102473
292240476746347
825758415903105
1081257265253753
317511806467355
833161871495848
2751569508420112
311101454752067
3107945349498995
1476812853261788
219988036443682
1633053060179211
3065477720367744
378571506493792
890792462181173
175610979700758
995398357592478
979628510462137
3122541844663272
1284042438348566
175109379743008
1215194881903442
538628979883808
698386021035611
396747548048575
216382371104551
945560635795927
7704532996264154
6913865285332015
914083923417630
1865145673636166
3424724407651685
785343769667868
1724457294385068
1452759378084944
446890083373485
2185961785091970
636459711023748
334326424265474
495468087167764
803416307146790
1092022521225684
209409086181207
758974751336202
797737124375900
110771955329918
2874374402805619
506688137160422
808691862533197
2266898410203527
780600177147753
842850337233449
1365580157203831
258819988075511
1225910120842637
809162012500730
1034100290989217
2669065680017667
326459342169652
1005891490376140
3473334352941499
5646875138724030
167638270569469
4786478098067705
834110721475572
171119241329070
2305815066271616
1435416463552880
592650786269590
376460820969219
909930450957006
647026881999712
719064291509743
428298833967653
903959930556764
537533593105676
405655379133451
148023848602593
447271310112374
359121738438300
659842934473024
799599858800032
669458017091527
373255056414913
284026508060655
402372150253948
9813472692058335
1963394717283071
470352965351506
1393514264796369
1202071764432961
364393038096649
241271996063538
1453128704963068
369479573135933
56086242331
188772730939447

100329193136393
1278295449637805
1042622190360432
301490537624477
1745347379028065
672981776456739
593066826193029
869766771513286
3130513066998008
316672132382073
633037282212581
913308730135913
1581877805714221
343345537191827
1382529286025844
1047776327103592
1801311910292369
915051705934822
7618523568240028
2222411374626122
142285383116095
3381329555415029
246866899800905
132363764096210
1437089396639008
812658300498483
572442043174360
1539779983102707
2229213127388662
285499933134817
169680924318404
2609378485906281
1096723978007100
2857395674517396
375802780416679
893798485544536
444925705538460
938140384486183
583098119067400
1446037629293439
444692596139688
1945536489006482
300343965061354
361820064960994
196520518697948
179689628862688
411675800307560
1433463120256886
1070240623094035
536458798310656
462341801181358
575800330342474
2368533096790379
149967650317957
397514629310038
598372680771907
1023043492827569
209816206035865
5405423782824684
356658688625329
659116797629692
522458327921040
440329408785939
618717898773698
557179988495221
182511431785387
246515630193357
963086664799074
370556119298586
4692585570771996
1051734172831052
615757336102184
276148359974880
2540314126256289
326687520685209
132315608696735
873283890670872
1273532656545966
310279675648845
983814329230078
576496630644919
244629803598495
630542605073418
475535552899250
577883902367473
836172378492102
367956702739623
1178120485988348
1335872056974652
457348351104615
1390338401865133
315077443782006
1421420631714124
571297376909755
142197741335926
421311261658651
955048504632335
1874769112948082
1891723187760258
988819632535847
794161644127568
753301383296346
912323616593046
334685236137046
239750491835327
292401492588771
2153001408421108
281289500807732
1574068776494568
379503777396562
1516399375822054
643646294594408
642364185954439
848967599666964
1465353814336388
1128093058561741
2230385220629603
460846104588121
2473076229638189
1738554809520578
717394523090157
610045164525919
1199475514316749
159512648030903

1531520116996996
772355347480548
561906669098061
636585547013804
882550876548835
846416755441366
274884214971119
692066758612725
928967854467808
680678410573138
1041431993907393
2381428058820727
2141609005989752
638559834783418
1006508480410199
397591517613474
1405138896328042
5241406619292314
1166575147844555
593765911352118
448414673776935
3401949756540621
1318116698227901
274077108762400
318067804470243
927784997313229
330202022873563
840289746652254
629784271988155
916314613244477
7340938402689637
1872345946512479
516286653151063
530693751430401
779282307157326
1727043680955559
694250812282204
544994800544737
9660276324014559
995278268028164
292280884609002
909230879864152
546675793514011
621125001557739
883065616558779
451397622409016
475604128521096
2679732628749154
1220604891881967
1132229901216420
4506694729413213
395350887950903
736704869836043
1609172440021225
2994650833887486
466706052377233
739535807043792
969629051051348
985853665634945
521292829612779
266423644969486
1016734382190924
236869643506086
1395594554656359
1219240421487528
100422369727359
292768300796492
553255218172653
1394800027223698
1827095017513511
904367441231223
449004745239103
1206636980710372
713882216739384
2123511484542083
300058979241885
3370653686414786
742449927900487
774624310584161
875092376852899
1111189926342825
1270003640212280
1680833069039746
2386140651662636
606062105040824
1519922831438408
331257701753980
214653144211899
1819088728245612
1258817271429789
1294517991488992
763197517564850
1241948492899399
595556791724902
1211419219572824
3605154473105415
475220974402884
409647648424925
194798434464830
2840567789571864
864046029091993
1032819097690287
390101186596230
775737631343022
1750736858534928
624385152374389
492452066904071
1749405702230968
703760131948038
432866979326185
393696690110880
535959153448825
195151768098271
471343443250888
3315201401870035
432257850785117
193130217806600
1958901344241420
1266598864094801
485232888652618
606143976081727
1049448195528089
2156616581164170
3068995313395232
1201229816661601
1542776932918865
2295797104076507
229871364350393
690388858161832
589106198093136
428537581519123
545930422416588
1381595652040552
230417977756285
950623306264595
624284610993014
277253320113824
342402298256
120343294810788
1949306785290097
1101784907840206
631706707672484
2313775478893895
1396938087157518
325232690602409
878139699379703
1892816081100642
4722798541089893
2751344314930415
209989736739858
1093173191544396
382814205474298
141474839321421
150723212337499
1052700075825838
628201785194320
1711050585754062
723901205879227
411458371769156
714045287247746
941489377529885
2223174241358120
2296432564078895
304661897029181
133906403335956
837632834725122
3358438354183197
560834008176890
549422469497096
1036705134774941
302568632171245
280182422315323
7235937466427006
814812697293308
3894278057467201
3304231603143403
488305878892462
210490718446614
1415197765526805
274908611187371
438051950970329
925160884997077
1036961094009679
1508672859942388
232391224636417
309896669855463
1206873209328862
355032478428380
1310626846362129
2936458599914503
815994429722239
1840311469805900
640395697938963
959244788790707
685061666056846
164634364192486
887984609773202
191582285974473
376079015222853
630441114084136
409042425866271
1406797012896637
1677485372551864
850486213307614
309269665268083
707814817017278
852094515538178
186490004315882
363847351277520
665448247389333
6341085345999540
665291710918629
2321277541424518
937763230372770
1157408368072509
1080822962446234
1569606807119619
2623163981194219
5937927823000966
466872612296229
1485191575118211
518485225198513
260164714059430
2320519240
478956650217160
757104918900812
145203365552444
932686695252171
3721615754794431
212543518213457
1181106155988683
1341498106445838
213185060788968
428450023917184
1790779594703508
723717116111105
1556717278417490
1795565947538445
252311777224541
1539853593517682
911598352687102
655578216791189
540785723186950
383283031039794
875706023774133
1519081564806103
4966197746837724
589611108410882
2642956355799304
994443255151374
2326843960974252
373477680725019
868713621206033
598795581000535
858409685937042
961266355545652
592139381421838
163867780856096
322055100241144
718058411601696
216199269048946
995890457172905
434704658895028
363401772810260
1466100744185378
913352059098339
2044813888869958
829927209200642
1186543572355181
856859222572034
728610307553694
954098572323560
715405138993719
582259506456631
295805656829543
1607623886156644
796909250714130
2969492696493401
131270810956640
874977886470179
2771305052999637
279580187399596
766765961295975
911930283234127
5128001543903457
864470430912007
457809075193942
534021811081717
2211739032345842
226122676878191
830312594857671
1975681935986847
203922519004978
940791626890806
1201800067876143
617734802907416
536401733168944
316587794521440
1589697678622314
1170581140986680
921884436020293
2278450738852633
1033839061410365
1570921926353217
876953313877920
1516426202470236
1160197054970275
1602568930567445
192521959410646
790702656319561
242221638869085
4442385512469220
235646997126795
296624614145891
315523731240240
469680175471050
875982587345076
153497800019382
1841472882821368
1323889355673241
720607836622048
577284366505182
895050914242287
379967737418149
295235873284038
369502366736203
195616028952658
2430390633801665
3109644392464648
398267094098713
719268784927026
1524343301305390
1371435793556591
591923936230350
1481353419175610
252278993547565
738550214897799
799204927340329
254983610097341
1115282456394881
223333315959869
450770863967925
3353265798123505
613830003219925
183632708815526
1013663686593279
172233439582447
370044114638850
1516651382189418
1859799327623195
2959856404302973
504579834630079
818922423372829
618971144836748
548189519442976
740317689959899
269505960524183
1152728135928155
396974534430424
446812379491531
430426575340735
253867874055480
737635120715210
563785874010954
786589901351984
981058646568396
504725933042876
1189848014945574
1741046746155974
189021154784852
1202634913666957
558006719703502
563469151988190
396635155360762
983811918985540
725989488990287
2014765688891082
203329293603188
1150862889231934
848897519049213
2806037452982407
699625287797970
1433167970255910
622513425977953
930691504160892
232953361641483
1335201170759768
132218507579102
1060423657359353
476124357766531
1161754610693272
179236197394611
590430446001781
1356841014509278
1927779194080842
1429161691036350
864437316984150
362281801118704
857860036273896
579906412676910
381022798109877
744572687840927
802973733152534
4703490889744422
1232723800982237
679194392492046
584874714498098
3200757510029075
2288860041238371
275771651957377
1913957772162343
473591733938412
1466579807143615
219029689178053
1163031371108019
885833659962280
959654791894480
361571493286302
440483178204745
1495968431136513
7717209125035805
1522251021350725
778596932533645
310566337134694
1399065460595192
1094206190611567
340257000590480
4711069752273307
1816310215311188
641934945840757
4994473480676197
837589689985182
337197435496880
440331287932466
1073226896123069
248025542310720
202286059500913
777277772661194
544857995580515
900749943333598
916378972754046
897619498122927
1681629518623656
617497485813256
839552696496983
1275861786665254
502298723797529
1053812425636112
652103525913921
676374190313930
161860927934902
658005748618958
1506741582878058
1600906686881124
154229614771026
1581725508722910
484956498281052
702187761855805
330438997628574
433539850177298
536683311640930
5114517851994930
576868089732182
898534953537488
174735635720770
468886362727181
1045170846848086
233904451069020
261534057810403
926310945876258
1771458663158321
7855175344597146
3551396645118437
608382119962234
181070811189193
1137119247024335
1764441050662172
895743821626049
1550328798539484
316147324729484
389553810518464
1904479113320861
877165037108816
884172701779481
287488330817837
860625901537335
569215637076051
1422178158406707
3450378545061147
294734431837543
1693990154220837
2309836839212433
512184495629236
830563234465157
196186503736078
2632968567009873
1405172417081986
4890050511081171
997758157673148
1514877809153823
168404755367391
163900517308977
861784061383987
1071531106769928
1090697384290103
880563513972114
351967504951004
954476328775772
772093506986466
710850025763439
944171062879923
1719080428499979
5914541908611918
1516214645224783
346641721592679
747880843953334
766643395408580
707883806056123
221244306373066
1532393150541239
1325217704686551
616043879146941
229784129433759
270834347904974
2231729081
1317160765659192
727298749483888
187144431655031
2227590100713721
188942546705789
355484984615835
192883950843658
454116575838019
940988357732111
2075660059288195
975904809871493
260674904138982
146562285506897
280931073136775
881502565525611
765359464949810
467706338246788
516242968907116
230726982940465
1385340275651568
1685593365029951
1641403502808859
264328336095742
549179706156599
1608550879635030
723732722786758
3437258939850320
1445643102849893
189171217437175
3408006279414555
1046463543276881
733327845493043
2465244280209753
419992899029299
731977754115424
335484957264474
1267795097191602
435451203176927
716347430378957
213656298204747
1443721665995662
215392122142271
387276573550998
1346735716093465
3346354462351850
381170664557218
3130897866933827
2384974668191958
1645368362622735
736443168544814
3000328796881837
851806386789777
1082171426140008
3566892930227212
579608610925208
223804364054251
902316304012635
767125287487614
390127889580185
1708618842493545
390888648609662
924782908188277
1408479963212782
636178331814461
3343497275782414
430733443778074
294826035650670
828454908629535
1337708490479937
519577854818377
509766187709311
1903086983305754
394270986410032
123869081017391
663278377110228
492026349119906
1903482513131730
135485846790754
735729007514283
319984315985540
2815514488523159
434237489044437
478263483333593
3543850615709375
1649657725843294
565061083667228
1239124013431702
1672526806211856
633654718873530
1732356537022982
891418908261454
262407162316535
327868368915534
924547504367574
817262078740536
685897622784889
368247260830027
538696153701862
292256912926828
573927563861025
779973972741978
1419371111963446
3603155059921854
1008707286992310
275054700246897
1213148776530480
564791622233060
860038512071522
323905765604697
604420896861651
369701336545216
360327786409980
1367759433310567
921379788403593
429744062497853
3134557033429351
1330524510777146
1592563927983653
1060030261371718
934265111751755
656961148322465
1384854582149988
219407079775568
168178295283630
304907771188032
1683492985171148
551149028860845
2327641024064571
1049424658480763
1072969957876291
781752684133288
453824402099109
1493394678227593
264867621807486
453346652670142
682708133673848
264081660935970
855057238905839
571616613522338
1685808488259537
1109526313597534
378246893468168
5856330964394463
1788725328225918
312594502699677
982397676565191
240766415102355
1161219841839700
1013048766572451
1594983384094047
1282069259125748
831609761798310
139321133408114
770416861140752
718960209895095
158486414555150
893810745775960
5563129490401685
580868609250877
138345693240441
204875562986583
684597105424940
829659695702275
545309853456502
1270505033920060
987058455861626
392418823281723
334429084182578
1070283926667945
1717360931958122
950342046205480
1001922179935646
2653005658048848
1225120225010396
321334681409073
2288828941170629
357187731569512
791658832784926
2405345429856385
694103103967375
1719553464934033
122756314516338
130520666980380
777999803663282
1229895544095127
314589303427080
194847803578599
1319036528221863
351902167003419
779100506218282
2622684631298563
1662250190456426
2674094102841483
439219881151030
271287581492905
700165507414261
200362738306326
354590004956807
2376135955966063
490410781610475
218227416112413
2840773646188785
778010008998314
1220177905094910
761981107791991
436026970475651
402411491164938
414850109867047
296037982329009
2835792013324836
612225574270199
548203789336251
1441796312735191
182422923702036
329623032016170
1027519504441124
102198777241
271669447106484
327548416662674
586832346782858
748054909726375
685009993217337
308345985284903
2263510967292545
344741970769779
1058089475300483
3367533753470610
1044490240154052
972332658023843
203302814321054
610543132802560
1221171068511443
298269086579874
1598246313891199
157741515655651
468337124883671
899221120659892
957495501424173
5626462110757879
1939052386550720
868902903915313
165920958724109
518023886880933
561922765240680
237105506700002
907399998058542
606785412740412
3674832515937801
823941755200144
1282658485682604
439222772888130
404130805483657
275255162267657
366911053857800
502914052308456
594358021562018
2297617477198057
1567238636828778
400943123433931
300703712284173
902834094846450
482828762643888
1058094598749477
308247400698089
872058109595297
3663637913675096
130293168706631
995877037439633
888417166029737
2295680907247213
198328843538543
311600541753322
1830285384064427
403817820994475
1002161458000856
426587141172006
787833376436909
583549655466581
853295108562744
882176215974526
235343709887852
3204869046476587
121905651269539
1895904853783137
1069506169881767
632423931168919
656044322342682
709515657733848
989934332583147
743384553423334
1121454405552912
1538866603136339
683632243065196
1683837721918164
986898435709581
532438217432771
244805896711558
730748919139255
2226094977552098
544822919227067
208825903239818
465827695423704
1267599867222035
331285191767131
274099211029246
2958702334408695
2570433546446215
363580081204102
167420299568028
386348754710994
7519538614748870
680894672514727
1773187969595223
1864726544034724
1750249658556806
662058231587864
387403899162013
4248868805208041
298291526652339
1488132018222707
768722645310547
879309415514182
1795368214153384
975034620218450
196242964432092
1720052334957992
841620763581432
386560978344904
180971815646574
1418529258398199
2240652419312892
219719095278677
870887183836985
2462046320744028
636370547079687
335820281570510
7924944407560558
1067227777852419
438048187848940
6617565335018706
671914731712314
389581601054556
2193221184288349
1147280399538678
326555341895311
800251873419076
472773952871291
748146850695865
770114614633822
495518598062641
7610414315735087
1142808109105291
1425389054343780
1412122499176887
458270937022163
1600663436849306
1308253256692466
354577583737415
138101654396309
258974392705669
815415905933440
123473288368863
154172749221063
599731220235332
801199543915407
523567878966144
989003588569261
1296871627137110
238250974428884
421363634141599
3154291714837386
460537037901626
1390340084814229
2197533903658147
537896996398735
1247156973361144
262255428892004
1481235185505083
4002076663222658
894392561603611
777471293483139
1225675214553704
372846231370765
1286888914705324
169424862884739
553938802054122
1900498633701164
1250156168653244
782891477021351
910372690509860
1742843269485720
1586332964831628
363183012675813
546981416117783
3190985347894552
299192730250541
202173018253794
728086343879452
1730172127211679
248955961170978
244910795941463
293421009140630
773815837907336
184102815659931
379623402234452
642135119889521
1116264765599752
3007174632892212
1824550644480015
249513055574363
278920544220466
729316511293051
649175030227403
1449613891937569
994728568857086
1190121774798372
362174085305567
360980696852163
1806081719628026
1067013370993706
389330295375825
860365731850928
1146206832980835
1512220609168821
760688899430951
397564445904526
993259518489678
238151234161120
2100480843540049
276064991108469
557149815045691
141339589073138
301631266164307
687973806719114
308408446946244
286879087282584
1582682335842073
377983834370387
1807173619676358
1511375279114066
254708031725592
1122705158812078
1370084713615181
235877308410559
1372664910324890
381483401227994
1054741512609363
674180754682547
3808898496007451
359689396817531
641448333710192
775524402633016
1046905726006404
1128902330828770
323262857152825
706531718171049
942346200381903
475803097174757
275700802792237
210046658551243
661913742153445
1479017959687495
468789455516664
848256893708498
276980614865079
668786503736423
1334490863998259
6872910489502129
230612736108240
375023455270369
2092853074232031
231320855540794
400516719407786
966037537356841
415738813074955
145838277363435
888558851897990
778999129178576
679213137513190
1009278147240578
3202041269814488
984532125914725
365567021333046
2797032467070357
646833322563871
520457636582137
7162112553863792
376176660055786
991689825381796
277975680823869
674703956679064
2431590663637600
774138581510289
728213611068346
1100483817484600
412174982707537
1647951285529610
330896173123694
1473399179578178
1235704250178227
183345393823813
341129228845917
167076569583075
521617174673333
515661590946923
1051100743027950
1254818491320057
299515893189576
189471827560732
396159082760681
234538152516662
979411136859983
287739217282321
295922604528914
558742169317604
4681091238615788
557962846513257
171875954589208
788219535440346
516262886055082
968591863247850
318628958477790
1457469211462595
2223301764378825
521711903067594
284184531772105
1021939584875790
2508796822516478
3395741270691769
3594319377253549
248885761608024
586022216731798
503397693110912
1171972367244700
806147640915629
346052159416341
195047683290617
392376639182705
344294748251192
950265163497661
1974546612962551
960022335816545
1918855434955222
699628772001437
741743461331284
1689302627961301
1960051360983857
913567866560805
134660100467402
1635479336691393
266880663781381
3760193614257417
1634188566860872
848495690311579
132964612103194
2951912764837956
487080648056200
1585624228279321
3187494328234821
2063997507060858
249664347444995
1122508695724112
464989312861752
588322299524115
1470133557718415
332209341570213
1107168573843364
1598513437568035
275006620929392
152707055343141
642519956213068
687345051611898
960265034478245
1291307155187534
239115259295695
476241720367051
1030622181377443
970526850763552
588992794640046
210518685969115
386465549207432
225750992694279
1100151427695140
289899737062700
2468286726672986
756562128359059
377467332713852
1257390824875300
3041696312777652
420580998105368
1298615594368574
338044078754664
469998329831523
1027651932481875
612131448889199
6315600808551189
1116769996410555
976730942918437
5660096260743760
274823970464289
649941472823013
911990300116148
581865203196080
583221639635004
226180317776080
1364823780535440
1239977437245055
119744651420998
1370294667218643
412028555659920
1801101687053112
1727593867477163
1889044518179832
1154436588022147
6050201231665477
960669334738167
1002626334312453
1002693000402240
1135073121136317
1717422001832999
1169733650408080
139628154959705
642891763795179
8807674089308420
2707487372801984
500203520157107
5675549612540515
682007121837474
278996934510571
418466940154291
344464203335514
711771367585517
264045750026211
269019604354558
599198948159290
4805971526107694
367101173378837
3648217212092622
302916945049122
846804930206283
497753627008446
512663456140943
630235015580072
3033636200113687
296408203429077
1134209551080611
231570748820508
120399546306
1262640880798868
860732414797513
979089246432745
563256975746342
660534782659793
196377727621385
385735402390239
1615141038655213
178655882583755
190058037695011
311390620991509
532709262300031
2670794846386252
1161956847583712
975528259244833
1427366534699930
1074337306002531
972222784135680
1214816955966265
978489696317738
239149341459501
1893804454233511
165912024122453
626364778812392
1284153738943527
2268621713195993
869351356546396
520261520073210
1083401525976313
434528056589773
276199141854293
6137597259655830
1192033168148878
251956581290467
234904854815371
394612686624648
325742777886511
441190775951022
293306080143666
359643272458258
463393861412616
1355850654565943
784653956893686
1330689634557091
822489382877827
1544781092988676
150901530374686
284805858310709
143371341221312
483984248999719
352766320866329
1389407477948500
3412529748846228
1133226190975302
295106693540058
729415228925469
744276134008106
5837232569693255
865268980262647
749890216797555
214630082969095
426664422094869
178638457776021
191673839455731
292958622152812
966089717494098
753558768007623
218514452182388
559782434170361
1137940306949870
816594376124433
5830403983741750
626050612534219
339116157269459
2941693552735217
2731901943783929
673107717974049
3144749639089345
297986569998964
606676924283758
1610904938955382
944228123163846
7184168771613406
912848369870343
259690987089413
366947552179771
6635107666603673
2993960754220490
675833871130643
153729411138435
869668777002694
3678980122323761
1240664316502156
555796372961163
668015724000487
827466689183278
7184060744981662
1408846539767530
788550787986397
637208291446644
193784324486584
327431969758201
234251491526270
373837633659733
650012928968890
792381271955912
288708848409616
2382255528623528
2225623391161097
1329544330734624
404960728570378
764540735330374
1849121428839504
537153341519903
975302632482282
565148358941628
717591400589712
380716611019995
335286950923421
553695079711567
1117707799026903
955659225970813
1317450622046720
490007672053009
262119783117505
346087011128589
4189148257977458
594306505561449
389569768374882
232254645089320
384159362597198
176533220436681
504877513805879
139746126746855
2011718469042841
701091743690081
845103816442046
1192193454531655
2084399518362616
829969335387802
1297377240419982
254175770215389
265048441593401
239761984444060
833914363974000
920219922445919
1985458744998682
2664761270456452
1486372908623793
884505799916100
1079060886871772
620268526572555
450128470889299
591142685022437
113325025734704
1141625307005604
172363182963330
522370550308904
321830795022288
490465046930767
1547265109351494
441794535985101
316946515126507
215160196376848
6627172660631749
1054246341395408
1248221399493465
258171085153719
115311500088
896873205218853
578865974225404
315843721309209
252667381551715
704741222906690
156249080055837
1182093098570658
277642980252589
3223654904389444
442372466877876
297889779592764
273961786370222
1036082671090782
485019559421747
783801019120062
2226247070963246
2337992663089025
1233264034736257
361580760041177
1730098997342291
1481812356014351
605802687009705
1155416101142433
1053659662114276
299355802936586
653198862180478
2826644877552715
674602836053694
364365493242695
207735362741582
624793121309548
179272389602470
1273729886990459
287378570369118
1187729835116040
5588704787887735
222580865659579
377307537635356
289757634933430
305164096496403
460953013052741
2084427918511097
1284802245752441
1818973531902810
942683690893194
726268888626755
581391842349808
229305069960145
409329195324363
730546040894799
1862062447385627
506447673689002
1219855598769681
262144651931399
932494335039749
124279094368716
2046957788993683
171982136152746
2522546514587823
1835892993299401
977499850217634
497276582722559
292117389309300
397946367529523
970506493857418
328014973536158
1381802589400156
731586903523582
520607134637458
909983617083325
784080582375858
1623962754500373
3153168508289975
1010004429518322
1206749816870392
233359934550598
479524142735726
1550302751908952
266705837101192
407345965428839
576034383816368
1000801714266833
1293160104720809
377852721808353
344486555167424
203358873669633
766101034091256
1282195382220648
1529582843907177
320080442288420
954645197910192
340027849682184
1309014523350343
1302952223599973
3153997234645724
449209694666750
7550865708319795
428808130627545
1148295601861531
454953057017417
633656927779325
439712054923523
830950705169143
2624735234246006
480563960211942
1019594272867618
1088152541351760
238356539621772
284946083605366
701268732143351
207807937687856
814247629942145
3608171402837933
211478661423423
2722284148098236
1215635472469254
213805183825648
682390255969946
1080582166434932
734224095042402
986837103443117
2950353815246489
1186258268896136
413120110159005
563210992731245
711917803081902
170928209704246
1033103341578212
929010521012682
445382098213320
706902957836088
3991768810853955
570677076771151
643714847776877
399524554483315
2694084910821412
1073551893419671
728252426105829
341343803729119
150910630959928
240403804073968
1269074287314765
150319525012039
388218344568168
3009670932659006
1053272055456181
1198505483505926
518122929196957
626166725207981
7792511440805113
389303213532166
1249341492126952
889466728765577
565768537435480
4463589390331297
236544857227307
851689862226304
82805059701
809029589976574
966502331279604
289419096025468
2243093145996951
1314786978599557
308278413765308
449272485606019
361545343874004
1525443277786007
299407230086332
2752115951685032
367790424687516
542769836721902
11738448269
157674862745267
554152409971097
3293128437674443
565932493484232
3234103566852750
737640981541272
768455137085515
1156823004328119
580406218651169
714544747372512
459321531625992
2161956877273271
2660651507540823
767855734295090
814113443288692
409581663243612
1468104167136898
1507213933024419
501649563266995
592390418037899
782183452443621
665930173513056
613233492140021
1594294547296805
696977757150074
387300195637642
1377458939277135
1095289365054863
310994245167970
684442499919376
706024902899804
200283381949808
313174438439536
1119734932547282
146687775984953
455757879345419
157544866178244
213175184912536
967827724430192
2060048214184387
620400089702667
846734163422452
699755670145229
598705301353115
1869887263360421
353920300560975
422125244605718
833309403826277
668797226937678
429440347250111
893598474110377
3714472668676948
2418592801544753
901033411331554
457643820996573
204195169989894
1129864031566346
870556464904758
873948491212101
7432257710192189
1018208674926359
500879545055359
2859702514092184
2264771853611915
243602437588601
1790670207822625
5672137496175303
254124954767058
1210134896278607
1159360598192137
540297011089309
647771263431048
308341338934959
145259448877451
140326403213801
1714990538793085
407723734125643
330230578455218
1174397557030588
134462723905118
174973002622024
873348341012710
978675425478532
1762564060639515
434081876085958
314781717085938
266596707357797
128662046908827
1289513669130599
205496215457335
239739691066048
1072584753300558
1508378025863287
379231046446270
699095678556416
956466699318632
128874617883295
422164798995046
251130590987962
532885504833641
1277962409578684
201769723265725
410643496255446
2338079763059094
294743350540281
1985669571732189
237460991682532
1030303128192310
874964543520835
143515374378853
220404354636734
1539368622960019
280290586023370
1616909872451010
343272024890458
1961082704265821
2032584160448060
622471686692957
1295880394164721
852437159475961
966212717465291
944882970167414
814020643878741
5032523030141728
209300912250362
1247098088643947
1526376501504074
3020861904832884
151814179457933
6772051159496959
1497447970772962
2551470575157203
1455887178556939
1081459523287128
893756341069332
334680716248576
769090757231959
313102815481236
364563830603595
2145632915828436
955041145845521
821685292376317
224519204599316
1304907086711354
931582001795585
697925070582329
623894805701204
874680173594493
697369109040944
278244838275759
4103088863133550
321287820798489
968626043286791
427179112830746
312117574945931
1499874677290781
787738093066739
2106696786284302
1057316414761368
927621314708173
179690306644522
467209985046592
3555198508084158
377168170511436
6781461408569097
1058618532045254
1773360959525883
390152279920934
260939120404636
112502955480680
375211656940041
1616620785770242
297953437531083
698972192014885
428841595061475
1658129711595694
397883166098900
3634565373439046
250244311133300
874821610517078
265357516296252
1840863649714160
569386900973002
582367709296262
818677622544309
801559181928722
918004226482956
209211916229818
1122749115835270
1865374140497814
1512358989008018
745092510474486
572876690389707
1021330529482141
1873826259509948
1876328909270240
194930225262515
2690070071274946
2044438022560366
693553031008203
245321384228249
687690388633294
650363495083565
300269227689272
472115777177033
1804508999941348
3779999518888231
646209874095389
1511676792422291
412896401017185
650961442155997
495101321817145

992528081665245
2451942135113681
788981796422137
1733428956915728
558793117805971
994557644827308
1460771367477788
245286200081676
656845857720281
251063312280599
667820388622871
420071729092611
372353979819688
190718754363539
874046859305013
2899939940224471
1495407380629208
507682116094064
901370220366085
270110562129408
5123127844451921
2426495280853500
635657923263218
785641086335958
667867614132740
1166728203795978
764158142210970
732040726861450
555822333091059
162686035186677
333261760213141
1154277699064705
522200257932522
1580040715551780
837201805081392
1311793956177487
338945407650202
686249093549505
364615511748528
7047526152002941
1632684263693477
511349429744800
999562196779531
907920730891682
1189823784551721
1149666832195907
1149766498384717
3278455022370223
1080464352548878
220053214350702
558119808891914
753554611734182
322189605187444
1038053406698080
265767777912836
1600125514056379
1519350495306125
752733396124308
4124329997793619
337601442390988
1014894899084007
811734779366467
2037029273331516
817729640373953
691200135932872
2521784548063475
494608448222316
595800914124290
690411079651929
224328429144944
222289425535966
480190869531062
246577695145542
192764871411897
261532196743870
440539650321993
595996061527821
662437702626059
734798390395556
594308006126814
6371119592967990
956013065222478
308422447477039
878198998869902
6810064469076120
827908468810834
2017019685251134
202196660595252
925563691305296
317083662797315
312771282740130
1594205794167068
624659977703935
837229987943830
1284184572013087
1067527334528424
514348752808371
433289436880451
1422973791739540
336738325953665
1341761823236150
6782903998403054
371456597537244
705984174785605
486906967156744
797284638251336
1399591233523413
385946013907503
2645473892144049
659536879295108
1103514877163946
430204805376677
1993220837564706
427075891480051
263955677814202
2203029959876459
597531743631152
511876841213853
1540988910104966
381529500459002
135185998222638
365928595524170
768945701619249
437976654240965
989449698088172
332181653903068
987249579037362
1762900427545323
481790455613263
786084721967641
540217213760963
664327641045984
133636787039923
2456600371172046
1529818403832928
615588657031932
319985339819840
417682537908391
829499827676651
1549375712501642
2250853871668156
910071360371625
513030803995822
412003265905544
157181020146464
1930200757192579
292271834675439
3651288258418761
679732579850708
1945414105692963
424841065418121
1515124072673850
377929458078046
1533703997088205
1055801209125332
4328457920498408
1635478876852403
1013511378735279
340059331167401
6854478127951759
1632723304128285
193108431492022
315477554844764
148228235665105
1261355040885085
137917041724332
102521142949173
2215301755246286
1121555611862772
1266193117212709
978391509333138
964849091367950
1050228322959721
829291305512080
747477557413720
912821509451769
824940849033897
392645046570855
1348621609197979
3155520064754059
362705632620888
314246956878121
234088136965799
1292118241276846
2951422781674993
462356509223141
1953045921679039
814900020115962
1287757341975376
423609031524897
608160634161476
182712308900799
816816966545433
663642941430356
129946231034793
2800781190095306
350348277901578
716952238450881
858612464638633
222261287433304
2485457348304279
308560479340457
291123979556998
331436806627506
605054574806001
1159284234522355
1708136639406160
906357559851986
664996368038711
735079278423174
908663960450834
466050562200247
156911175881971
488232185708688
1456527058588407
2287198961622826
6933420493431479
1462717484088980
754239486332765
1633109553890868
503364216921208
878820849255507
589510322357471
312965406941523
555761123661724
778139806776115
2501416416709261
1612526325958234
432673377702986
747860800877839
317335161292178
6759841517437135
245721460811323
408585621773742
112392319093699
1713539898872720
2214741395356635
6683028078467276
747629510064600
276959633330897
812108469446512
496839054532244
1363478004570461
742412687205251
1374708702735946
983088515850067
1522141335246131
938415886269744
238930444217661
576008533428659
1022887575429080
209936388232194
384981457572256
330036117800333
360525999421000
268406600250436
451029719049120
1727089557505701
922233621241811
719414949721828
433990764498998
276678458664279
471699982970259
1094033120807593
222724974261225
1227940404265951
383839547394161
977007509506825
266242217572057
138816116223136
239269705916174
397362809334223
54701022375
878845303768691
2388453758032094
1002729631002110
466739516127857
1129341434227063
6696723747093824
848952773207234
311868150024781
790052922213849
351590998665899
737265899668077
896757235118885
667589221847885
1483165095832178
701111153734957
488343612116064
570443973692126
446813729247673
895403025571821
284078697994912
198490660915167
1004162013529940
1200837107942979
1026359608372676
330927448714058
3598758266875009
457187693027375
400899810508613
500763050069179
1309796735754305
1046341283250198
348225965263228
673892924647235
904947037450230
701736848127981
1865004786970802
1603819376635528
663540429096446
1755141301321957
1189038401947038
606505269530181
390030262342714
478647923271865
415802229564044
328977597263453
488418024879456
24270563155862335
715481699608245
163089118928361
2580598655591428
824850442081003
656530264401257
2356097767971065
3748305068767671
316393257603623
981609373267968
1027358908662908
5818295708214565
300598557238615
598850497830482
942470913462794
427068182683930
841173164335968
2190905081135887
3185083565101222
2136101153117754
423631718859795
486526625669648
1466817066963467
166873593736191
1451977292316996
2208701066070283
618320979530069
118901317900129
454271963528700
272510953954638
1089222384469248
521910187977374
1700077770200175
1305065473493757
6235711876544006
220979818532691
441128113597219
1674767456114174
538832368634596
3332267413666117
1805062673345221
1126877804940733
548732040049594
495503785679987
289374146340994
280132909569062
1138941973406271
2307948026047919
165917727084732
1495904974531252
227853306923750
647434125399462
1799190967251906
5552963091478334
295537538211047
780163954270655
4304410872910786
1701922170082014
1100023444683688
1213222909406839
890970518447935
443583848383450
550748200554244
930769315476936
2828436240800335
2131024227242294
1897363754042181
3950976711815291
307738781782238
866545318272534
5680650948657195
325145807963184
989649651370933
602501877351014
470247220761181
323110247116501
2000312130187195
1653217261564545
233104048500948
749236719502692
1092315607819518
710800327303432
476966936736990
545634305464432
1431377467137064
1758986817528924
1794653000771949
255676455450438
1663727843912695
207053487604594
235655870864628
2278428045668835
701701718747145
1974220246089504
3169038160031637
1164226420318639
3229529000654007
671226913265563
392558276826609
1450953548972521
1315948106032527
264839004563453
1728326800632474
287100427105666

785181274941409
350758018118708
2611103862361474
300635657283003
225114618650362
176758119475699
2099598070169807
1799397240411314
1015003682227395
1692027270876414
186553581710362
1694029321036195
2745233945757527
1740729633127588
830324517688838
209534100483027
1538097806594807
702355107594688
833270620851869
736972107469665
2198559286972878
2922370034670198
296955007176247
305846957304553
775142320806904
2192570264297103
102811393534529
190675797614537
2727416260858377
925631965087896
373850630265354
218516056116728
587781860062772
4509929455769032
255676169276768
919732392017968
276883724500988
423577640453359
515974792082720
340979031308550
426120703247968
2285396911644971
110651522017278
206186428336491
706336980326652
1291098431408564
926098269220895
666818354896600
1424038661736679
7093569924003407
908608043700241
751393823408021
1203291153569758
578159076556251
249039835220234
554887412825048
672564462810935
826930261246748
515875556775507
982036428574433
1026669641460198
1310254679883759
354846847892104
164186204156395
248092170556350
227005065270007
2042892399282502
1390686838006989
639040953195037
1075063256960084
682647363173994
987828651782070
371808397869830
1430197081101236
261740897231803
250484104691772
817231272414510
400202722581109
483631578466162
626083526075203
1365823594003919
672910709710798
1813506098899916
1583664118545946
1985692251599407
1618763508606217
725675902755294
455096220106745
1796042620548317
507357917085245
1149700198403854
1930243220689547
464234507401464
3286080654754511
880415257129064
808401946369780
298422867859887
749050926168539
548945758626928
691859915101896
1785946111601193
123505744485696
164536854068804
991274658624183
483281253249095
679541719958096
460761051872431
302403522429481
5063868568
649555350688715
1089287875135461
1927650390792246
3026721560878433
436222283376238
665324318310939
1446557642263666
253820968493
214713142901809
819873674715237
1135301074354786
550826040267033
560208624162727
404299144919703
233829863440742
391653839371392
1370821502979116
707927990438783
272143529139203
1814189158637396
792590088537941
1812556655512146
1007742977457495
345241891949363
1163875184191848
1093417667819235
151193384933635
656620609133849
1124899518510451
801915077314364
539564053808776
231394573311709
1025123708895157
943267363890520
681666580703970
281944231249542
788133170111646
2299096020286976
1735560336821871
133486453009204
372669307280512
251211670649507
334000354612976
1190800808009192
1128260361613036
403518475684989
699026618202821
688812044943734
946669142906505
734849393192215
387595568831454
217571565316987
683763455758203
1738135063118550
426635254889591
1042388123635440
239070053294918
293814634882737
1048871451892235
239399730601189
182446203073142
445008162626869

382640405827272
557647938326989
1554764004778472
2232197897087242
5796557423728591
413182167005596
1024606855440344
1017739268703484
2353536034784276
425504199218008
807927154431443
4739063140
508782964167077
435026674422824
786440326535034
860590982359364
1605614449658680
756929625111353
1111111059964851
1187558312215941
1631836511062576
740965543274837
6806724879404121
645668189355417
844624387768527
1250031029026392
800237267011519
530841012371063
1096249913784120
1528196060806666
4934693099984714
8295314790542864
530535134651906
342055892579194
475494749469009
2555436477924364
3070315536590758
1208077003341766
4647895315315418
700595060058877
1466059183583636
284969889236548
745183898916038
303086102175460
859409135723100
683686558934048
957396618034906
2328423673877960
444369623612730
1040463133025227
248968976101403
350399248738292
3372440306380487
854004125440900
1015951426148392
979346609283890
1138049520843391
186934964476815
691680166202208
1673889382898107
491009425487945
2930851390311019
3383329971888359
812949369305827
1617225392371359
1073736089345863
445218214504819
216615648091964
1429055561269564
1440162569622855
1719753491759635
843528132731577
1680881385521984
617900530550332
167928433997209
447400571964005
524159228257285
985684181901909
2957339931010693
1544065969691660
307285169096898
346395887041884
508536850719230
684956560509913
208607656398142
729040875433050
1567006427409006
390393951806309
385133281557540
1271977836904920
164464334260028
223011546740242
344057255675089
1439389999603159
434457716730606
395960313945574
842939683264894
585869291562762
190996014584466
2407439616247095
1478079449462979
2380220908975604
197143634713318
1203193280118841
1416277085322049
819704146838725
247324222320573
663016865559769
634604389885163
905924036525833
322846191239564
2034634416894988
225775662062039
161216218640538
234234933806269
1038054920642131
1504560646423692
5095058067244626
2122403874806546
2865536073603898
372312075119351
3634870870104515
1578205219428262
981287943610698
480118429505955
1746129355756510
1381119839041336
789336615852098
453736623754782
2926785037558761
663323699139190
2978259255604345
801629904814067
671845374496955
197505863597
254902456221080
2248434545357430
597924977053275
650582701655631
897412927475787
142480087945233
255388073835822
611333256605478
1048438898874377
230753961596384
697573672343412
932382734119515
1103799953963342
1480223208904317
4019200934819588
570571253481863
358203321723425
1598445390408947
1152059242647815
5979030965482695
1907815869573340
856404442245982
4317506044983504
359866846488933
346979011458011
1512971165674255
723076389996406
309867265890581
688075676313161
354427878555180
2450790871752900
1493500788170851
288808814465774
359761043531093
451228581952552
869080529829313
3459051194405727
396292645656909
354970118826026
532571141158538
715602139035724
247994118980598
804359524275504
367383391691178
800420895050064
1308766246418253
446706374549946
351479267349995
303911067904733
672715880568267
3415603352070499
490156768492483
2024358117779106
639081649500651
856291908322608
311225428310633
2841945532552927
509762166732594
260502293486172
233212456474117
3216370798601649
432974336063057
1870309100053493
310342214052580
283111786336685
1001289115333399
1071479723979429
319684544025607
2436701199730292
537385086468569
394865504889684
1513225916196556
344942748708143
2043509169119551
800586157180806
416075260818882
871696338031247
404224515833670
421329298004494
338671368480846
777688104185179
849182359169347
300458157242937
2770720116532822
267725724337134
1018992622040937
3497824277206830
300282176292836
5738094709642038
342565014661275

771268843997251
24633757102937978
1792722830973521
425643296977661
571713561629598
331637127005254
517719932605786
937944627910389
3289271441381236
1570088560096092
775777781079340
1033988801164220
364516912773738
452882674307559
1189374228977504
516992443420409
674441407084289
460980784921822
205093080125562
493689053109144
915659156701039
200703388825705
279560384699995
822936614844255
412971131201718
1171330644313189
321595494567283
687035202883839
338133658773660
1401060830625724
299905845344340
201712313276888
794367558814288
1220902738257820
2437357366553306
420980943859489
2853919774864518
579127135993973
3411657485627146
748985458848073
494086537357134
338201423038452
730355144454827
517942660283143
467657613627242
825882552480068
5978958268807267
433525817323901
747160960557371
973393353776730
229834844480854
275917637038381
546304546439795
401236943999043
1464380710768168
1102043927355312
843104753359262
2129608470729836
810995257054376
577419467314152
1143868846675221
891897174224333
1910883902443066
502271328710593
888761986628648
5825428834208259
735963028704847
1602889370255182
805622630379848
725665929361366
6451921794877548
693944682274571
140213841335821
590859156457720
571199326640766
521954983257796
1063523931696055
5038349116214983
3249545381989267
1638286436581064
334360474128852
1405184900428202
981591336738268
419759798517231
2408343636021460
456261052693455
123043984851751
650563913898661
383798480997203
1033463991144587
164510623581644
1008523376166601
298063501938999
1173829170639256
263814291967283
1442826339443524
829256698977776
2097910500576213
506076006199635
661853189014755
766836888965130
328270063523081
6083297345066682
465885632447300
1641134630013435
1535063973480874
1447384942419089
319433111760189
766782876821877
2873770379509506
1692315997706401
241780755641124
5134764173313630
7277396155654654
345983411894599
2354198851396366
268620324549832
821216078603826
921748069955664
436443625750936
1909178316001196
2534071553490893
1421642998518182
754671189990625
444215900517513
482806899639875
492993226462917
1198338087278088
548966211876157
1090142527761840
649425707064019
830378278307363
748962402306837
1456685518203218
23880911154886695
121251801852305
931783214971649
440671785140150
264023471141580
1045084683505256
475520805072335
1668677267254246
385627951008045
1996310280725982
1083281716308940
1087384702338239
287636346794316
998801353965681
664984879104777
1341340753201545
224908820148120
1601198523975734
1380984105912858
727912798745638
342855108608668
2204000696653920
938135200616411
429010528665473
530435098409346
738954060365222
1474536963300372
6343672679010246
535573665037601
308320465096106
2146428005717341
939131437938868
1424750384546647
1094534705233423
450187626186098
873257197687549
806692484135901
1650994981741641
1077082372779896
733575845428299
292763509367962
1018315966546994
751861840188018
2799785600264837
519830508780018
330290701859720
962583315299234
946624799385261
1755201644986520
1162564061078276
881019809108027
360958431787920
1084238172672263
236012935008089
235356321641990
369217988853471
712060406116280
1202131017008215
989076712213921
3144352269184943
1518762475649031
911542893141898
4514875955272874
1283031245740176
3234172786890304
841799747731306
1142271872801757
288193306241752
1072186110698874
894386972026053
929564251923682
239762757603651
643414157919790
180653528154696
593587788387862
1071277463384041
404013053591071
1059801354876102
788830118616540
843487122817449
726566682599379
1320197845303978
208663390715791
294241350682876
1654422014798081
257177559076003
1376274789151857
659621482827617
1155951172108539
956392615613740
275325240100395
1191484788108333
1180001803375805
1572667089976377
1426887164864007
592326662595984
766729035310663
710137627371723
1364966527550701
365504779681887
1065087661531573
826862108303115
707909887948244
845487544300737
1073921649877588
694967282726890
1925306331235137
1082108649794052
1444771539464190
1175041980118462
792292745441564
393469965417422
576209102711661
553420509893462
945094506794933
164755800008134
2644089572495715
114348071704493
278785076726077
183005405523411
553615706290021
950648556615882
1364928561003371
1146869949797518
1868016420246724
191751484007438
1187217415542795
1746915772008876
733271744910145
217378809578083
2045794808900177
741009227040419
852691645465521
737898188506192
753911559341552
358693217063329
430104797535047
1250431048419837
287218911044438
1121682049160506
319279476558059
1062689514743418
1043884423359779
941822006193469
191647148217413
1741300269238372
835145044141142
2414054848738977
621253099144291
658857332236601
747238896756135
1113369688736017
448058018707775
263111949452339
872491430931052
1236732003985610
372323385312345
1707475609408597
487263464806655
661270644392252
1667625720090411
850959442773186
646391092171004
611835623507130
1183837742553232
1252199529013488
898083957495764
1368303459846390
803803348564110
1034530870537687
219520541876861
2807986412840560
432946074401814
135784538577363
1605318073103787
788957735161056
973313122747528
593816007773698
1536273099719411
761545227928051
942178263477833
1489518511992243
1091359088437403
2788341264628238
707096124660532
1475679979722177
311007791371817
605329677739677
1300364963877882
1418392245106987
6152558421464819
3422938534594790
939085847809355
1807124439400581
4374597975889846
1622654717981093
487548655498757
3229568533964390
483289147345024
898210544982782
1158457248722974
367033512499401
1222413345597154
430301750463841
1535075067145570
6978475882166101
436565588955491
2474283156123076
1179059876583052
795698748278466
1286943212237443
830249541973482
571856681737577
974908876029638
491349478027431
702566048028587
373724827013971
959833988555378
1050889899996996
980614430398646
1279010595984693
1584815488484076
824992889643471
876322826666482
1456683488094369
239783230647295
8637517796336036
2055482451405665
1235101646660088
881177589868505
845452132287997
1612662265840536
233904648887613
1111065113385777
1439216536666545
1744332239426448
134535451985341
148990461399397
389579476867393
861148922538264
3940853122615358
237660630252514
2214777545469151
123906050599909
1107143837389227
425986349349394
301998262810168
903702360207269
227259345793999
1552203041488993
1030398451599828
994197021900947
389249093729213
171411594183720
933708050653942
1579596515877912
618522605009799
2348303685336600
575594150365613
202017558052279
628866441777348
408226110202231
1532789100268793
491775132423154
309106754796552
2575473112623704
654459356632224
1263505624396014
982934858419589
1597927253908608
758600522004713
1029275518591979
263714668000410
475550216839241
484298100650931
733193331885282
828854857697517
3715908785402104
603786827732066
750132813297507
508574875999212
265068702368243
2405982539514865
336094689396690
1439004346764880
1252066695464356
966375061135912
1142184592963479
915074283626691
779069560720828
2932452276992686
1122630438188031
273611852083450
1027966598512245
8275677102451435
746552652817746
1161128968580784
1285903555559841
259381572438073
1213196396356255
767325641601407
334525711151580
314568962285777
1985148065177263
379574994637462
468550994553988
470226600780780
388228267259223
1128525818498555
376612717606051
1030525877824846
1564395210742043
898352291521525
475145570355281
175768402573755
1157987458287995
756387369755078
1542253279865722
828715099159288
3083546778564140
546269052482713
486179230036796
848038773760133
693951637469007
373608073171784
1053038078111109
924700346074102
328897036744793
625091964882364
1724279197725004
807130131032003
965489615192556
271149042691705
962070280618750
489630414014180
143547113050883
785183419588224
917526946672325
1052907746539301
1528483991343370
755095595941737
2097550553783090
1299027166832650
271921252664578
1135996387425980
407248794338846
1130666344472436
290454108878639
195451203392496
327552027040497
801687814130114
1015889689510117
386939210713310
1864204914014171
1676748989462613
769586401989660
3141208919505190
199153395212994
2488578308022884
965463635132188
280675176283318
1176419559718192
190168833832337
1672242706582089
233720020940913
288021264231329
901052393335555
869625078059406
1754721458352377
1499036817189968
711111650783759
6524883027566190
1818285378583730
505946262782517
3368559843450227
418218048189193
1220686697949068
869898638314599
149857175218986
575525198501557
1559175547632610
340692460050311
168414009528442
1470791486807461
990148182061496
474614044253285
999692023398448
844274823985042
678892800482636
899618940061355
1458920845004963
1300004444025742
342201025564207
1084959505542502
907443420764430

999728921762928
2303681906488235
704805460140980
407474227953207
294315604604276
1797783860631065
1615634929254810
487908686904385
1048610845527180
1039168273868017
3665290413728284
1510596823220463
172255923119462
2811839482324639
172851516728833
478221761719460
828447565837376
1011395300678801
823152076213871
442443678582083
652035893140867
1182646176312875
1783351015502854
312123594523273
3779231478956042
980905483758519
911057660390486
895454399254762
1355712388718046
486785601864513
247712844830053
360386861759067
1355410235185467
902373715229566
3605938579655944
1008265263685981
1492007344952572
220563814971379
1309631629643403
771560406898901
1576595499922137
1576721756177764
615338830713828
850049855478794
2563128750625466
1013997290328947
1269054186937911
237325535667130
363620089632002
1530979601074713
332025945148601
1227825577670454
933671744567791
383383319754510
198057191913226
1342137716385556
731798647496096
1295733377702832
1451512725732758
1233243847050562
1054339419273593
1643381945837409
452191758219150
667803071490584
466023906157496
313344108038413
730021402517458
734889218685252
431859918445378
169795272847238
274216102628332
538004466670364
714981799760028
248257275025388
183253043505485
371049002143134
238998403150306
658128816144068
1474319286005569
748127835873617
211232748468596
895339835232259
872667251445754
1516559975504824
1481273832070899
956076414404416
623449014460263
818170158662395
3534437970117192
399428899493422
538474476739820
815821023081372
177620938358820
334329442543448
1370416509964284
347646901510013
856643761807836
257574567926225
1551901368519401
264666603096104
872417084476271
3079110329051008
764907988715684
2687916894778551
179487631422018
227496303449535
1284848878588994
742479934449257
538478220618959
1518272531783464
3461902070648466
268854111559969
891428105288455
535056773221649
632184984378245
409280807046194
1036926250317347
252264035609314
917332356866309
1019974398150546
2236161286441894
941031727046476
437464305684457
1080244749904439
324351536899783
2693767997551043
748094323998745
6857158941021780
343094274762675
791192586280603
2685122715088901
1988746044643690
1849331625412958
635178204502370
764625900268727
1937085049914182
787784083270468
508042047846033
1322912538426742
1401859840275175
931025645387221
645897071041966
371832134578618
722176968404050
721485529370419
317015507823790
940967533983184
250741600073441
340940272240558
207553059093411
919222376660565
2234343596942487
1060421594986818
772545107098162
2660487364094493
910092403017218
1905709519679742
1008390546342034
1256553551870793
20964901990
558171835831069
6672656046135536
414795354316727
272782114999962
453888430823131
1451043855539071
561310319584117
568755838260914
1204919210384780
913964595377631
371602788518775
216553155026259
410252878243742
813727737630260
836756481581312
2449355028533120
2589359257892664
1301407820250374
1586637571439152
962515581904825
1062285891595488
367792962246540
647664815282456
698591995339545
374429026559724
188405184860398
949110900233103
1034945297061828
1185327529263180
1177261136178555
1129849244710668
744521486558078
439927565554056
4125144527543151
133518112051516
2618753041699226
874704123558471
1540075086590753
465626457166985
1110163126604932
273591365571029
1441915479307996
1667433790753862
1636465767184372
1508876469848717
760972529221614
8351651674861930
1421580271813486
988731682802233
6370725106353477
766811918843229
55722683664
2081415952243291
323916230161315
601554347555265
1020110076200480
372955990089192
1251994895696335
230251923039808
1466593876827778
691789660964794
1587072841553206
1586734618256237
330200191529504
216612881843515
314401741135103
1013021692826570
1179852689508029
465104441271046
327862675201712
930020690729423
514001200323518
1529481721144516
858016731492335
547838742741259
1923922688058353
836923338433642
1824931127932285
1458344815041284
1069980230590993
919557079873675
891383782660064
1414504246124251
754609522925214
1658528617888990
1470154367057111
1103457264111748
564914566977418
1491521748391125
582098249503094
887342416425556
205241859294279
685762539718453
1429158037951408
2122468441289522
1047785312762099
49526067466
887559719477931
1708013606101143
1112136463063489
317772255912953
1232032717294497
472509299106329
2327463017644381
289832607228694
688322847870294
25564214459843858
1310484716240345
880627063634781
807035508229244
496596227158097
142990490497957
5593737444065826
328009018072012
202524580811261
1252190572107778
2114445832233291
430583551586754
306584642385755
3151438098310783
117375241454919
168764563796255
900798485288485
1713591892506860
822875889491624
630102508731570
469959807565879
303057195839371
1645832226170975
1571766800259555
707255962702513
184632898356344
536588086393165
282781831056168
265279777557320
269798414721652
1648594675708295
645506247549739
521744210094045
1635057223994845
882966048876307
1760845180831160
211523894879650
1463550090526403
1117195342659349
676073507220856
1802461796692443
159272631475932
2811478965734953
191599725593311
221099591294573
1480496019375239
516678410717449
424827900054571
355576789133387
1071414020529383
1618157961701029
1856834654765810
1286142348979122
423299034995517
1757209564688748
368613799007303
234104756360487
700930688647936
657174872232093
320707746774082
4487623564796583
635278025366973
270584434303318
399182225583533
431343346954885
494657788667598
1060288488327065
365684418223155
154286098236475
279529498778095
1409345762519978
217950152775863
982575713607009
1402568873312164
1123509615377104
1589657994933535
3679954435620296
1150398189606169
778658701051987
470168622113010
402780265689931
356662210348081
1461419761170637
799889348997108
752999180006832
952389693185760
700507211879894
6577842275637057
420889680822873
136512772791007
1212777855934492
1331222021070539
363573096470318
671180828155785
1467221260745085
2533464596966532
799519838543617
1024498038560192
759514884096482
157851847588811
899456905150006
169977565844637
679830996565314
1811773322247753
2041395912541511
505826782116050
652245259016079
1034217567055732
994675443958946
1364255763755554
341805110529902
182084085664617
580436635782697
360634368724550
2865325583607252
1520236271764101
461638187343012
2338083399724313
471566956353728
942729743820626
808750083282598
6992047500857335
2299368106900998
734346792242401
203707697038214
1089781224864063
1598047757082812
1897579670560666
170925181373429
1288896685030711
1024746804695939
918248493185332
665933434532110
288908804076034
407204434140915
287314154289126
635961845032601
1006153320608510
179741019437845
477192368594986
961483045475531
1121712942496708
1097620671698419
1231092031602135
912744203553989
203008918482798
434538590790388
285542587245558
459978253177083
4695592770471544
1208875226928303
909018097261521
2614872475415431
266142669413535
2866541160323267
6330134780446851
962629300554618
1809445282803867
344486983329333
659642232368313
1903282539808911
152206245501837
221543152261672
1994517934048598
440964921605579
306544475460609
1113395052985791
1107958383643805
549917269371500
494735366472960
1991859727648656
976801110055479
644626331031425
3606678342976068
867399765407143
665135933510810
944242525997488
1847000288787744
158622401009473
219013771456286
1634062534072745
788909427799888
971946841060885
1722199768249826
3716770378427502
1262761604405016
396641917191710
431328741459843
2542376015949995
312131877894001
1075135162978310
685218749594390
1740431879519624
2070519776618594
668402772030737
671577665188629
875797704240927
1075873460198817
6076987275726588
3071039239803500
478281856197777
1323791217773134
174692638620179
332446082130239
1725386927652176
306885929732165
681986477222259
688121936712480
123327724707048
489909548642428
1529149007487044
3362351614033016
357389875561637
2203408226687122
805998756515386
727114956197407
484220322935681
1117759522264569
2683857428346076
1701334730106441
817241182469420
615151805280906
234055598225420
3709428685937957
811382427674634
191361474551393
515887599084057
496180491457366
220792259449881
495106792262915
641342886830880
457672769548147
767467075528978
251226060481160
634711413805855
215511616888059
648287272297517
497603931427979
387781351289730
1399432066971818
300819661227507
466069491962839
1502412577020918
7012176665550457
1091866715192497
475462365893965
519339517062062
221968286362200
943903366661330
1385375842854765
553766074634563
952813308166966
1647881046019265
1060500758037207
6677166319037278
