409984156276237
993217457767088
198196748850582
1664366497261838
705002321337443
709598382402808
292559948137320
192498979312839
982828569139262
151645482217196
1769379903305831
303467160158328
582023488874416
315255373513628
212422317360401
2962873817278608
453097974843024
1674795756074488
1699776270245240
996322623756874
444436579641698
1832450980323112
680370532991120
1563424291129071
616540042280716
373702951151202
146205353962798
2245776969057469
338175934109473
3314916881873060
727349298022664
186531736926297
344872939249081
1370064766984152
2381483775458920
864968270887408
752915082060101
916745710081184
1067553414435737
1502317696649000
295750170023544
612165602269892
682496942456715
190015089769497
176771632929141
621924395965515
543792276607086
910711798996772
1359810528101536
4125144527543151
635207117453199
306673979975294
810002849628563
