40094731762
126089641269397
132221374106833
108302794761137
30487722945
2307927714
55357057182
111953212012277
125098266222196
77979941492
5493045917
122231863338820
140980069301831
128001340358462
121749427967969
140259046725666
278088082771
130984994100845
107630532918712
138572963412741
138816116223136
118883028455062
107001886033828
136783009411682
136035798572773
105668449782283
133082730771579
123057531120137
118257912191260
122100837984582
122601231740054
116945804743648
24168635087
119457854911612
52152639801
135485846790754
150661270352855
103311126173246
140210413338127
136969819414399
111418189686485
119164582118728
117264282226308
135847724600122
146861725986954
128986416944355
141768303118970
156145504740594
146205353962798
163418820891299
152460517920934
152324700198578
165069244924281
150197409710980
153707595256226
165393291820225
149228149874367
141410022614241
157097949732907
166458893837953
165130874891022
149904039014869
152498953586485
145392297637412
144499494203189
157145143020597
176771632929141
141840682106639
172106476741737
141034894660868
111986346117641
157877564264410
162106802315411
150189693248190
158932483622087
154268335199696
170709310242308
168404755367391
157916988135362
164680763866702
156145504740594
175022135420834
172810759553023
170664196396221
141807891180615
148473481686574
157336732897944
173279398780584
173704999005542
157797050762302
148081182569738
177497138692794
161000891011913
170840612602398
171221793634852
161649531082935
150627625875478
66515913889
174671222872415
136389495792851
108249819854067
165749370788943
127251311365759
5493045917
120089895297164
164856146703639
130520666980380
135706196621289
240903442531
134022838902996
126890143741520
124365279477159
125799662776345
2217375893
205625508254936
4208622070

108759927493
3
132648250734090
124754258110501
125521114813886
141556115265742
115931965422858
138248376517927
113513545726003
109585976390673
139692202897435
211955994121145
207450413866416
207569479898003
217494801096047
134546914474833
104356836002468
106116812577417
115607374975714
214006124788565
217048108894372
204884460261839
205362771812266
212543142848836
196943326194
207579233272640
215044403625488
214204993817824
213665244123526
134535451985341
219469331569728
213491935340641
208607656398142
137161919757623
134791960054340
221178757090139
212422317360401
126585990374859
221052339106556
214001910790381
221909061649663
17978291307
216527979609772
210183747427768
217201435456526
217703125275085
213786578718642
225068352121994
220935793741699
223706934453689
220106749188492
214495080299425
212162010918326
217984502760516
216043411926927
221850053655576
218550804598959
142990490497957
218224754507379
225260745237629
218013987190680
217111142718167
218571823488727
146474085983056
227986051919138
172559706662443
151661992199109
158269998319585
141552610699459
221067434754507
165836366122915
233886091448709
225609029981683
145656512195294
229861414107670
173066472286717
164026275879839
152883609432924
232866073895611
166457115299204
235656397664189
164634364192486
169680924318404
159662014164647
171722858439883
231267887223061
228680982973748
226057046275290
163418820891299
235482913644431
235334762951694
235351239586863
238719572649020
242481408871594
173031397546156
240971506315957
156888564356850
233887486671645
163680404333445
230412665208507
238566107413689
173704999005542
153553033073675
240092932727561
206816343262175
207047151535542
175610979700758
174779379621718
243632082512866
241361024819129
240102689688012
242715114355092
163856914167146
147147880634706
207284776018601
158727239321385
169105907241664
235101669660900
242587786073994
242689551594946
245270621612568
175457158617109
204713356367716
238119141640445
249513055574363
244462331005221
251834359705595
256590484767830
241780755641124
257158879104472
258769985366614
208696155139758
231326934887443
261148730748520
210175292708066
148586865683728
252776973774763
251315120113598
205822822531779
244242982636419
209391748036287
211703668924208
207246824592607
243106997280739
257543409211987
254648741396526
239501504695168
252868944904606
252759284239398
250649234785372
255806653101485
253422836465043
257113281783709
212269985522456
251214132898552
247829088883414
252892178077850
268406600250436
209645614506972
208750378859223
248139972219433
263392203214045
270159538817164
265234661457188
263244268504910
258460848987292
269211765708225
218861961798115
217718793311162
211912101963975
268660749222174
260674904138982
253120896265516
259532359036910
265290505393063
266531088848134
252264035609314
265101785298755
262601534087377
217388194702849
268421788003032
214943919861447
219514941141391
257856719318967
260731801875241
267356672963013
207670105723953
258635646924396
222169351517539
212622764850136
214001522131679
269737450129231
273615479316593
215344254944485
268375215955749
265881978285410
210229932447528
270115263759794
218722067581838
268364838334850
272596269116401
245647190535463
269161058087558
222150418175537
221540743157031
273103025623578
270189203695287
211548572584019
225595545831386
224912085599957
218722067581838
217670500049552
212077302719265
222724974261225
271307372101972
279427748049903
275917637038381
278747944383991
271308565942349
220690690253702
280957083762621
271860877525696
278876916516238
283890437746033
283191593756382
279010616066262
283221248843750
282443551188907
279158158467785
278798829881741
286158640284846
286736287605702
278810943748405
281351554284525
285125017897425
284804334541390
284287918664654
290179303598376
280902709575115
285555209915714
284769444959927
288149185219189
287189039518861
288707717135261
290650057217265
288669750992258
287256013693742
292384346829538
282915908845364
289778765927946
288262611857647
282305355302739
289495773990856
290039413117084
295049406894853
288920673005545
293131908082961
301062196014986
287845164644832
291158538951551
275146586354526
296470876445724
296408203429077
285659770593486
294315604604276
305847358715437
293701354579761
296691195872202
302940862539074
294892902961347
301729867600619
295240989716047
297723292389395
297998802161553
295910438804851
296302373083434
295288498760151
295882893096844
287250501002762
292894765176464
291752632211527
287459655071832
298291526652339
300805985263967
297378613414977
307491872343944
299026163207980
301873403586209
316092736186318
305734186189555
234741424546862
301731990609817
294248001526518
295235873284038
306179725346968
309940723717624
232057908788954
310678627096881
310566337134694
309603207671902
312363399380899
310113865222230
307975371146875
306067455600585
313563697884094
311916506643439
231019419602163
314998007061779
309500426814503
228046940377464
227814599920810
230040689419655
313127516939268
315825788999954
227082939969213
308620059539290
232230125084893
309642494967791
305474050067384
309983326349495
325232690602409
230769684984537
316132039147917
319628870941481
318334385783216
317878104573596
313657505029696
229842807423340
318988192653290
315753173177598
322055100241144
327250247304162
324044317983437
320564580302818
322539224169134
321570346871469
322285071272674
329025399276027
234904854815371
240626491156296
328676543198064
314441400434351
239687225648228
326197154206106
231182256424459
323110247116501
324770960543877
231320855540794
320883475460529
323576533165469
326935001046281
329701603015967
334038039331114
327032471441358
237780181469654
237621615743925
336019858181081
329216492761910
327578192082827
335969227859872
233847606242571
333439547963703
321085768510405
328701163040079
234781338133299
241672593039136
332402561951967
327470939706224
338349132066681
240766415102355
336801998386502
238239646863943
233050212724109
334180952153441
330202022873563
336453455177282
332431299818402
230525890632435
336500982852212
332155684329342
243620187587633
237560349316348
338393489216935
336336070113391
237042354543939
335692122868451
342055892579194
237404460105008
331879660645198
332800586397756
329997996635228
342201025564207
235897588184299
237820086570144
239783230647295
333754286292476
346204848305885
339868597872761
339803641267655
341039141669236
338745505724868
342103737944928
339528813644212
340154767246116
339060140957329
261111205999801
342617285002689
258365640510416
339325241986360
252820407091467
260478119250837
250965095993255
340211063521393
343233862193888
346395887041884
346994289978027
345253239296090
345161654920866
346323644490184
348006978298498
254141419923780
265637251418621
351427907919290
352835533932861
351034924333484
348355453233594
253422836465043
348940853578864
350851804401174
349384426424122
355299865559476
251956581290467
265833452666939
265300241861261
351160117163587
353950757173561
351933451494596
274884714941953
353637127316810
353598654428757
268683708923427
266880663781381
272000321647671
266021583202119
257958612816521
268364838334850
353668223265432
353273807641117
264123693920333
270425888729130
266199303750143
266378124537819
371914049179413
353141895650508
250438265858854
273560496002507
356264876084272
274776785868687
273954350631256
359965983334116
367101173378837
356036575683483
271117322700418
375509451496283
356044494766466
355349876468046
350084977474101
370453859293038
270175893608817
369105339021871
356348360768420
266986667925547
356359857082074
364164489049768
371914049179413
375564119497354
360708311483687
363815127161898
369381749903336
365915483112504
371848931188857
363590320375458
371614020404834
369880476155476
374159061937228
365527918388961
355735168849587
366610376030068
373255056414913
366267454827560
375883414292602
372256537447285
273108670378531
370711215242262
362317763930209
364365493242695
365399969679776
355404687064752
363217924475344
364073919568222
357507642567757
361699520664743
373702951151202
297186838048519
360481671856100
328682053113577
376265870709795
365376190622047
296236434117891
359370006306807
295750170023544
320971336454759
332311272657682
327470939706224
320437017109765
309432332250190
302303772639458
313443781385448
295321936500049
305223797677391
306386146544277
319893962813678
311047163602845
302947285480998
304746546765432
316110097249332
315974456758882
341849042674461
309144247553692
321045568272759
304022229029852
300684460618609
295433336293330
369492310623233
337502480020149
309520943114066
312655749767411
310342214052580
317675972270103
310279675648845
307082771068001
313311071442951
296560234644552
303501735968533
326609956001715
312535367074529
340860805268382
342772710934854
303711170662551
319984315985540
334928225973008
345102198413413
305489915051693
326559899956151
303467160158328
341760426512987
295975995346541
343952445270561
325095373101427
300652083041336
343560695767870
338142952923026
346013620787106
344860045313787
342448097871678
313320836102238
353144880112775
307882538298674
346074900060799
299084020249449
338805313426576
311782188071934
297970975012601
351510685379390
353100604268269
345231032315517
328654589620567
326626442904416
312965406941523
308247400698089
345343670430811
306565957663030
344576406827965
326863911920681
301940786981965
309524624849911
322709133009888
339696498914669
330698468218685
334737256355686
337374617318682
337197435496880
311234113416047
347205421983716
349960086002931
310976599581993
341211418318860
312415767710192
343748028209580
351304771960899
344990923644651
307287818672623
352806169380861
339000751145168
362099446559607
351933451494596
348139014178587
311831900634828
354592386541283
349240591288656
339931279447959
355210730313489
355795837419911
357192875933069
369779456426593
364820913067130
360275343192667
366568341547893
371609709707108
376757989694199
369517936407890
370982233621080
367313043314301
370483516791890
359396209774993
364085237572575
357411970385291
374980560965180
357438335454605
370523236762146
359156060284403
356359857082074
376247240637598
371094850096474
367895284848998
355523007212687
374170479296298
359385989011687
369201800430968
363723077417372
362103559573742
356882771531028
355511917544840
374325163817824
346357224634324
367320400673777
372097788921063
485741977522563
488426522382876
498703438949147
504697373319535
491175271253304
487362260168743
496708709447732
554958466454517
576475643439072
554577171694422
557282054461305
577792924453824
508490679582010
624207971869136
567082466809031
623164514463443
630832323938700
616974153333636
617365899649712
543848200578055
651456419220924
646878889052524
640578270904381
556842821407522
664129157071915
574918099319008
669021464029263
563493137096296
558351642487652
554380455343190
744375483238625
734457195056386
762468271631113
740127294334969
769604867655173
614874307350533
771091811229569
772206464129235
779377932233642
781221208621084
785181274941409
630943053711148
635583514009728
661823009047275
639585660154251
664129157071915
699275400830484
743852483736934
753787546324059
773993211120199
786786008409718
803028336436721
835212348487913
796178620423409
806377187734881
891446708246225
897227307774870
896553680418646
888969186575085
902788093953370
838987221287529
892214058464575
866191357629491
892745761334320
902823217273378
892839765470735
898460419050821
892346955635675
907548690513592
896974440766551
903959930556764
900987380905311
891958957657869
896087992188691
906073413188745
914018686131005
912399106930009
913320906482536
915789676547430
897392247110276
902481841469910
880453418647585
912416183777834
896715583694359
905924036525833
910767782272009
911841727087858
899317538374573
917999688704483
912937227085793
903948763346826
917761276370490
918563994986731
932937815015740
920440242572025
922061149431139
930379155794736
900455944784206
945537250280789
937338588063659
944650242851441
928766097701856
943797213892312
927417608007177
923071278828521
911472654319718
909966094233889
918996336348112
936688581231591
941542417197514
940433936003792
944625882831064
947486026837013
930379155794736
941191923032817
893702008273011
910776102657356
912850960009432
917201136184116
933782721435838
889543502608333
934542043223168
933297384644551
920241181710268
946476056460680
940058899783978
947782623692271
927074090688144
936759847712124
927784997313229
922528872465531
895572440610787
913159423852870
939152737392041
927459001756523
910372830463954
924700346074102
923796642663764
485741977522563
919687351988405
1213362249603100
1420767735508340
1212348729761790
1388917215293800
1448095962118470
974073929337601
968228664285815
973393353776730
970564711035334
958279900887534
961115310599883
958757014156980
1172125597072530
1448095962118470
1213362249603100
1505140813403810
1414867165494000
1508073643331460
1517290335490200
1511329662928690
1827779087504990
1860096131095150
1533167883979880
1856834654765810
1388917215293800
1493109154607140
218013987190680
249513055574363
166457115299204
252868944904606
205707488726294
242587786073994
240092932727561
305489915051693
316092736186318
233847606242571
173031397546156
328676543198064
226057046275290
315825788999954
312535367074529
364164489049768
214001522131679
212077302719265
287845164644832
364578070559240
651456419220924
557282054461305
563493137096296
285555209915714
491175271253304
488426522382876
616974153333636
487362260168743
651456419220924
617365899649712
785181274941409
664129157071915
734457195056386
699275400830484
669021464029263
734457195056386
762078778953096
769604867655173
803028336436721
574918099319008
669021464029263
554380455343190
796178620423409
902788093953370
806377187734881
772206464129235
485741977522563
769604867655173
888969186575085
744375483238625
624207971869136
910767782272009
744375483238625
905924036525833
928766097701856
543848200578055
900987380905311
508490679582010
930379155794736
888969186575085
892745761334320
896715583694359
744758167867681
918563994986731
494701205289074
911841727087858
903948763346826
906073413188745
577792924453824
772206464129235
896087992188691
496708709447732
635583514009728
932937815015740
907548690513592
667024354858688
664129157071915
563493137096296
892346955635675
917999688704483
699275400830484
880453418647585
664129157071915
508490679582010
781221208621084
918563994986731
934542043223168
899317538374573
786786008409718
895572440610787
838987221287529
796178620423409
930379155794736
946476056460680
914018686131005
806377187734881
616974153333636
838987221287529
918996336348112
892346955635675
892839765470735
899317538374573
163418820891299
911472654319718
171221793634852
156145504740594
912850960009432
930379155794736
930379155794736
137204196867788
902481841469910
934542043223168
141556115265742
922528872465531
165749370788943
138248376517927
211955994121145
936759847712124
106116812577417
928766097701856
936759847712124
165836366122915
210183747427768
218571823488727
235334762951694
1420767735508340
163680404333445
221570080785298
150590138015798
217984502760516
220106749188492
173704999005542
173931146461931
216043411926927
164634364192486
237838681631344
156888564356850
238566107413689
217201435456526
251315120113598
235656397664189
249513055574363
165360873337450
235482913644431
171559721421420
238719572649020
175610979700758
173279398780584
134546914474833
145656512195294
142990490497957
213665244123526
156145504740594
169105907241664
221067434754507
226057046275290
221850053655576
141552610699459
207284776018601
245270621612568
153553033073675
242715114355092
164026275879839
214495080299425
212754191233660
235101669660900
171722858439883
156145504740594
171221793634852
124365279477159
163418820891299
142285383116095
118257912191260
212543142848836
137204196867788
141556115265742
217984502760516
218550804598959
213665244123526
221570080785298
140980069301831
134546914474833
215994313103937
172810759553023
221052339106556
172559706662443
212077302719265
174671222872415
284441905858128
282709442575237
284769444959927
283221248843750
289053050182638
291158538951551
282192619884834
275146586354526
301729867600619
210009449731784
289778765927946
296691195872202
217111142718167
291752632211527
295235873284038
292384346829538
284287918664654
295882893096844
298291526652339
294315604604276
296506591714450
294892902961347
315239291527322
230769684984537
216043411926927
309642494967791
17978291307
322303901840277
309500426814503
241672593039136
242587786073994
311916506643439
296408203429077
312535367074529
211548572584019
365376190622047
319984315985540
330698468218685
305489915051693
487362260168743
287256013693742
286754506968480
287845164644832
574918099319008
554958466454517
762078778953096
295288498760151
295910438804851
299026163207980
301731990609817
307491872343944
305489915051693
294248001526518
313127516939268
744375483238625
316092736186318
305847358715437
355795837419911
302947285480998
491175271253304
328654589620567
504697373319535
491175271253304
485741977522563
498703438949147
762078778953096
630832323938700
498703438949147
326626442904416
504697373319535
487362260168743
371609709707108
614874307350533
743852483736934
345343670430811
494701205289074
743852483736934
161649531082935
152498953586485
157797050762302
142285383116095
150627625875478
157916988135362
108759927493
170709310242308
2217375893
5493045917
136389495792851
216839273441189
205625508254936
138248376517927
148081182569738
170840612602398
106116812577417
217494801096047
126585990374859
113513545726003
207569479898003
204884460261839
211356056200695
177497138692794
208540850352555
213491935340641
124365279477159
213665244123526
141840682106639
166458893837953
212543142848836
171221793634852
174671222872415
66515913889
118257912191260
133082730771579
138248376517927
172559706662443
165393291820225
166457115299204
151661992199109
170155013171109
135485846790754
145656512195294
141807891180615
150590138015798
173031397546156
210009449731784
215994313103937
163856914167146
211548572584019
158727239321385
144499494203189
157877564264410
147697132648848
141410022614241
214001522131679
157145143020597
211955994121145
240092932727561
238566107413689
248074300116409
257158879104472
242587786073994
256404271373985
245647190535463
258009214642434
252995194783383
254014277093760
259906238636182
274908611187371
288262611857647
296506591714450
293131908082961
305474050067384
309642494967791
313127516939268
346998639198080
342773772481447
345343670430811
279010616066262
381184309126169
381153012029324
392749257550482
397057577372981
404802476378640
405792870640221
410262807631993
387841573231815
434926257001339
428512890689643
541315179729556
567082466809031
609409915935887
574918099319008
609127980867507
610245326992558
577404273686385
608664693621407
540736306522062
583327472092969
610828677168846
593098287563271
579338448888981
664129157071915
676942354290143
693545237388727
679194392492046
904087097713617
912850960009432
968228664285815
958757014156980
820745884685404
826544504668783
984368154993854
826904791484958
841701799257233
983964395310055
835212348487913
989335385834351
988422408487756
1172125597072530
1420767735508340
