943545032481672
968347207812792
889543502608333
938850767007762
965965258279409
909085003163805
937282633586308
907187180911158
952299799200671
900359816687311
916334832978767
982828569139262
924851404553933
953365502049702
947230525862360
795601647129729
956501998508156
929417254160680
810814666115602
887845408627453
881565652817219
879739348804397
750132813297507
893304298979947
931582001795585
849528735103194
856291908322608
762468271631113
824290925649720
825367487628339
884629459183353
984532125914725
891446708246225
771960127218271
944322636760978
797539066966163
907187180911158
986724675759948
765961318999139
874054460365747
870102068113976
804918337673933
9235187446553011
847110691983300
844777890678050
900876954584303
983578665918281
913903407045988
777897006277268
907381436433651
781070759513115
826726940843698
804556443690940
940776221157688
940776221157688
789047662666943
927171302209472
830246584049338
790360364454689
929283407154147
851864572624117
768540459932713
933414757105408
788562701702690
901388695126577
893736651456120
986724675759948
896101175571632
807684137776288
989180631163268
912162143958868
753338031356527
850685042321772
808970567534621
751707123152785
900476270800084
874054460365747
785338328144572
887767768309819
984532125914725
764196395105084
790139198005125
852023348557489
909085003163805
832976272119138
779514582568561
741743461331284
7820821261336610
767125287487614
982295785309386
748585913805082
940375543789040
801311218239191
879739348804397
834263020065641
833207427453300
807356466856443
796547402062505
857422004922886
847110691983300
750283272339299
849876171783024
956501998508156
847110691983300
779514582568561
741743461331284
753338031356527
901388695126577
804556443690940
959191620850484
762003097520542
870508954322961
804918337673933
824290925649720
881565652817219
873906467672907
748585913805082
753338031356527
814601575276882
814601575276882
763013467837702
821091109097111
837127963559865
770177586762519
751845525732960
881391765570914
875453594219521
872905766093195
807327500182332
860567622050313
778341542179446
817074318929546
9235187446553011
813903378956409
889543502608333
879317403489038
897592317395160
766809465227936
985288132460717
819004391536064
988565556068281
921572848439399
747327213347769
857698551574122
825045767633394
821091109097111
7572032042813652
798935783475946
983578665918281
840290597927041
849528735103194
758329919162620
838800820903387
764625698182357
857833668355263
807356466856443
759264800857915
887767768309819
933414757105408
914296475755524
768455137085515
791310662502550
747327213347769
809168942600150
885748828899329
791310662502550
864046029091993
862882830494049
868469594854002
903745487474498
895962667121273
870101556807502
901388695126577
907187180911158
913903407045988
889543502608333
965965258279409
896101175571632
927171302209472
901388695126577
940776221157688
988565556068281
874054460365747
874054460365747
884629459183353
879317403489038
916334832978767
985288132460717
864046029091993
903745487474498
889543502608333
984532125914725
983578665918281
891446708246225
940375543789040
931582001795585
968347207812792
870508954322961
851864572624117
860567622050313
907187180911158
912162143958868
868469594854002
986724675759948
873906467672907
983578665918281
881565652817219
881565652817219
870102068113976
986724675759948
875453594219521
947230525862360
952299799200671
857422004922886
921572848439399
856291908322608
982828569139262
938850767007762
956501998508156
852023348557489
929417254160680
924851404553933
943545032481672
914296475755524
887845408627453
879739348804397
900476270800084
956501998508156
895962667121273
862882830494049
893304298979947
872905766093195
9235187446553011
931577870652801
909085003163805
959191620850484
933414757105408
933414757105408
944322636760978
885748828899329
893736651456120
897592317395160
929283407154147
907381436433651
857833668355263
989180631163268
879739348804397
909085003163805
9235187446553011
900359816687311
184224178869361
193331588397791
2050691431937628
2077673542459642
1990718574552348
1927312880832914
200332967482757
1943765045761805
1935160773400618
2050691431937628
207480199990976
207480199990976
200515676777929
1871516986415282
185743915317375
1820740094828835
2058373134414539
1876360945956597
1848294422059912
1820740094828835
184224178869361
1848294422059912
185743915317375
1871516986415282
1876360945956597
1927312880832914
1935160773400618
193331588397791
1943765045761805
1990718574552348
200515676777929
200332967482757
2050691431937628
2050691431937628
2058373134414539
207480199990976
207480199990976
2077673542459642
1820740094828835
184224178869361
1848294422059912
185743915317375
1871516986415282
1876360945956597
1927312880832914
193331588397791
1935160773400618
1943765045761805
1990718574552348
2050691431937628
200515676777929
2050691431937628
200332967482757
2058373134414539
207480199990976
207480199990976
1820740094828835
184224178869361
1848294422059912
185743915317375
1871516986415282
1876360945956597
193331588397791
1927312880832914
1935160773400618
1943765045761805
1990718574552348
200332967482757
200515676777929
2050691431937628
2050691431937628
2058373134414539
207480199990976
207480199990976
